20692
6231
11310
16695
8542
12373
3486
19945
24709
23146
4865
1046
30523
17869
12420
16838
23482
7908
29638
26035
6947
601
31380
31485
9829
9840
18167
19743
26209
11928
5232
30754
23372
23872
4738
18705
19284
6123
10353
684
17542
29063
9802
23136
30191
12026
1827
16759
9217
31231
10404
20109
15417
13872
7110
23363
19455
11363
29403
10807
24270
58
12495
10547
1940
9206
15789
9124
6492
16012
1124
31054
21290
14331
7628
11583
806
24540
11492
24833
25853
25147
20574
4116
16261
32421
19805
8091
1440
13698
22397
5718
32354
24486
6676
4304
14454
25634
26295
17882
