3316
1922
9922
24823
23661
22013
9959
14088
2809
7000
14869
20738
19133
6713
19753
2530
26125
8628
10423
9847
29394
797
24469
6607
21807
6683
1694
28143
21860
6910
6576
9414
19698
6995
12791
9572
12032
2229
29038
2408
28669
486
18338
24247
4231
17950
29626
12660
20363
11938
26548
29228
18350
26265
28913
3152
31724
21787
18932
16617
6015
28044
31079
6535
25859
23080
8798
1914
16599
13534
10720
837
2758
16994
21924
16464
23271
25470
18456
18653
32193
12457
32167
5693
31667
29658
12092
31044
12180
29854
15874
26362
12438
19049
3183
32147
4976
10537
26752
21922
18108
23585
27462
29577
3741
25333
29089
27956
25510
25857
4684
6151
14583
28399
13593
21268
28073
11913
12158
16786
28013
8395
2641
2442
17519
26173
21712
27348
10881
12672
10468
16962
18805
1062
17575
19739
17098
11719
23843
16587
14476
16720
3677
2776
23925
29855
3218
19736
20568
7757
31424
27170
18112
17867
2664
13826
19156
31153
18578
7985
4221
24658
15379
25540
9675
13972
14603
9955
661
12543
3505
31357
15200
29459
27731
12602
23426
4319
13976
3249
10888
20175
3593
7132
24788
5062
19919
24008
3979
16748
20926
31889
16302
26314
11923
13454
3206
276
16250
15305
15686
16069
11476
15794
8684
30961
20534
16148
14184
22231
6581
32327
22272
20407
23137
9128
29939
32483
6159
22086
12892
32279
20060
2270
18010
14861
16622
4874
622
30029
17149
27317
30244
27971
6162
4562
30198
21907
21007
3149
2413
7601
20592
29250
1161
13484
17616
29294
20579
16202
24751
22755
10001
29786
4210
28159
18122
4934
26539
16798
24650
10472
8859
13967
17528
5790
24822
25157
5447
4001
32229
5327
32218
146
10577
7435
13803
5462
9823
7446
21613
20772
21303
774
13680
27868
24074
31196
30534
28571
19283
26292
21220
13708
12637
17983
21386
22785
19717
32371
12711
12738
21441
30849
21751
24228
9953
5896
16878
3422
19477
23688
30297
29849
20272
22041
31043
13382
28971
7773
8725
4148
18541
3251
23298
14562
13897
25773
25250
5778
21961
6597
20701
19102
18346
31563
25355
23311
32679
23714
21337
15468
30459
3500
16239
11728
26657
14211
25168
6975
30686
29034
9601
31290
28545
8707
19821
21649
27754
194
17672
30073
10441
19361
19635
27870
16808
1301
4192
23803
7724
20033
26870
17959
23575
12650
19703
17650
26002
28844
13408
30320
5162
11499
29648
30421
1304
30988
21229
11842
709
11620
25091
24543
10125
3952
21231
12074
7619
8647
22844
3983
8438
12366
21899
21048
9331
27819
20536
17958
17163
12028
1850
7809
23575
11976
4939
4908
441
18485
26698
28573
7268
8572
13533
1004
26526
17563
25946
11305
11268
330
19944
25075
23183
11055
16353
3142
27927
2133
3707
405
12309
987
18088
28697
22957
30953
7738
8296
4588
10728
24139
17993
20558
14323
19676
21447
12931
11912
22972
644
12402
30596
4780
1872
20863
19278
8896
9210
18185
29010
24840
2918
4151
25777
12912
19424
2805
12598
17125
13232
5689
7309
22969
25583
10635
28591
19785
1433
1476
29857
23005
21731
25366
31838
24527
30414
16460
274
19696
19708
14163
14472
13607
15298
31482
10982
24155
5760
25078
8600
17299
9773
9001
650
21340
32310
10020
27546
28012
5001
4842
8781
25476
18924
28662
11200
411
27540
5504
8418
24888
16115
14077
4833
3104
11985
15333
5090
12849
14494
17592
14325
30350
5383
323
8776
6140
20167
15392
29339
30860
15296
16252
9971
18555
3146
30492
17811
22614
25803
29602
25384
22113
13704
13069
22852
31546
17594
21120
16653
27066
7909
3396
1591
17948
24933
11535
9775
18529
4937
20359
28569
19954
101
9474
22013
11912
19107
3216
11709
22601
9626
12603
25675
30516
28770
3213
2200
11198
8614
29267
14288
5309
14842
2465
16964
12422
12399
22294
7336
22866
3429
15457
29054
24807
10145
4356
26322
3956
14240
14424
27688
2492
13610
22738
9395
25206
13098
6276
16839
23284
11708
743
24977
5892
32392
31703
17926
18452
27471
25567
30745
5017
707
20919
11057
14513
15260
1291
29914
14598
2536
30334
11450
2294
24226
10479
2248
2802
17799
8187
18872
23076
5413
8131
3001
10325
25909
6639
3939
13069
16170
27635
3819
5116
15626
21136
29594
28824
2685
13982
32637
19720
31780
14090
16221
1601
12587
5147
22769
14191
29474
24569
2387
3734
18440
6255
26545
21625
27305
3568
16453
11195
7467
15320
7047
19268
2531
30197
17825
14310
9837
3910
27171
16704
19707
24066
6136
17891
32749
16604
16793
692
2978
2438
3456
29074
31374
28788
2784
31544
3981
30178
7827
100
14967
21528
15443
32313
15093
26349
16430
20961
26003
11402
31796
24440
16150
17264
20083
8229
25103
2493
21285
23434
25264
16810
1831
4191
9439
24409
28333
20569
22665
25550
5173
4945
4153
26939
29625
17826
9705
17536
9769
5587
25112
24562
24856
17782
6428
13147
7862
335
12986
32067
510
1209
20468
8558
19248
3142
802
20646
28802
23462
20036
23995
12050
23242
23447
25543
10272
3656
9318
8630
24186
28418
31267
12038
10295
25859
9654
28108
26792
27049
4373
24056
9868
5385
12053
13785
21123
6799
5504
25572
20934
30949
32103
23985
8468
24854
7609
24646
9200
6388
5141
1432
29705
23735
20445
21327
17658
998
13196
9930
12339
28027
24649
8803
32055
30530
24508
32756
14857
1154
8224
27802
14304
22495
30361
20920
16418
17535
7112
12095
5520
31340
22173
27437
5566
29241
18797
14932
3783
15337
5445
1629
7486
13580
18301
29964
9832
27179
17808
29894
17064
10086
11051
29264
11322
31836
20099
7129
1572
14155
24300
21819
3946
7032
20904
16766
5762
22226
4348
1437
16647
31442
8585
10381
31666
31909
12762
13436
9861
141
18490
32087
20809
29829
712
12430
7227
15908
7629
4635
4355
32707
13388
2753
2021
14562
28379
27537
27963
17864
5298
2739
31523
618
13058
7523
15221
5262
20104
29498
26104
8496
21345
30383
28373
28965
14112
5853
22859
18686
286
32391
8869
30767
11537
15449
22889
25457
7136
16496
13523
3684
1718
21277
16513
26745
10326
26854
28784
24847
4270
30670
12583
1756
22190
12759
18482
13967
7258
18628
6354
7347
6430
7971
8435
3799
7778
2699
16990
32748
19039
2851
11312
5102
23857
7267
30859
5831
25645
799
21131
23152
12148
15553
14460
16473
17864
29654
11850
29195
19103
7628
29752
3340
2678
9721
5589
17922
8552
18912
25901
18204
28671
2736
13884
19886
21066
22542
28328
19227
19760
22548
15791
3320
9731
28826
4189
12398
6233
30132
5635
25824
7703
8571
26854
16846
32206
14609
12084
13306
4939
735
18492
17865
1641
29217
23005
18155
25642
11173
21055
5950
19974
18383
12738
6384
13187
30177
12596
3557
18950
25721
6215
25688
14057
4956
22594
14020
8141
29297
16118
773
5426
29201
22004
23738
2885
26750
16893
7919
21752
28848
14010
24825
21848
9816
21165
12960
23324
25375
30568
25476
23161
24878
29181
22969
31038
26356
1973
15285
8476
24611
15109
29036
3141
2044
23741
16569
58
2253
15747
2304
10973
13496
4992
25106
21966
15285
26713
8784
25588
730
9057
4116
19802
219
1037
16972
3389
17357
8360
29800
13923
1071
15687
20855
8622
26922
3840
31372
27376
25112
16215
19559
12289
14660
17401
10321
17935
17392
24237
17480
22838
21405
22919
18012
10832
19590
21342
12121
24335
1390
12417
22694
6217
21659
934
2413
17042
28195
803
26364
21776
30566
24161
17516
29323
29660
1933
5504
8388
28433
17808
2255
2568
2029
8770
3366
32004
16697
2266
17960
7899
15199
10410
13367
886
15217
28681
5016
8220
9069
13200
14033
19522
16320
21897
24662
17572
3592
420
24421
25748
24862
20716
29743
2450
1620
27130
16184
21790
20475
29032
16384
16586
10537
24201
9955
14483
5817
2135
32318
12145
18834
32429
28371
25133
9773
951
9071
15475
25937
14758
4042
5160
12833
22696
7854
12029
26969
279
2907
17989
24021
32240
27179
32004
18003
2952
9330
31816
14457
30330
27560
10684
21786
9956
26570
11386
2485
27603
9469
13345
2878
6907
1141
13863
28193
22700
13461
5489
32645
7169
29783
26657
17357
17243
9711
20400
15973
19725
29867
5948
26299
2137
4638
3107
28299
21148
20093
17616
15712
13509
4169
18901
17752
29963
28462
21818
5415
28896
30252
7189
19294
21280
20724
22107
20206
31375
26773
30966
28903
9346
13143
22040
23430
12252
15335
6094
29295
3132
9141
18648
2103
10613
9371
24504
3365
31551
21951
9
6970
25900
14266
26130
878
8925
19450
12443
16445
117
15204
31999
29026
30542
20542
2435
17635
747
18253
20966
29005
16942
15418
23098
9537
14539
13627
7154
4143
17661
4591
18747
26722
7544
24969
23184
4669
27550
25648
6792
19652
22005
15270
9203
1886
3801
3880
1574
17624
15214
9878
915
12206
18137
16596
7837
17286
30128
10608
26794
12286
19886
20869
18297
22695
9644
28639
9398
5713
29132
27743
15307
7562
8184
6817
31226
11873
6283
2013
9384
29040
14157
24587
14844
9753
20645
11851
16297
1551
5898
31875
29704
536
29883
5706
5482
15378
11696
29445
13228
25140
24016
2895
16396
20375
10084
7583
20282
5621
9676
9764
16819
21680
30832
3572
17994
278
31226
21862
27399
995
30659
15804
12341
20487
32138
13830
20919
22186
2412
3907
15003
31854
15376
15304
22258
29684
22819
7654
14302
8609
11268
10695
15852
27810
9408
24217
15780
8493
16704
23278
21087
18442
5825
4195
21337
5971
3973
23168
7943
24696
12488
31968
12459
8069
31990
19602
13349
4008
17947
2238
3084
26862
1179
9868
32253
11085
1571
5185
31027
6887
2271
14252
11096
20877
5870
11200
22427
2434
13843
386
9219
1410
16301
2086
20739
14851
29929
24692
3918
7099
9014
24433
26604
14178
27897
1084
27278
30393
2690
1334
5663
14027
5951
14437
12187
4979
16176
23323
31524
3102
24731
31954
2899
26066
30209
4443
6860
28272
23632
28216
9237
1334
18778
14150
11176
3207
1670
32415
28742
10479
17350
7102
30095
29026
5833
32228
7376
29892
31345
32187
16412
14511
25223
29241
926
5488
14254
3272
20781
4946
20373
16548
12833
11552
13681
14724
31589
7141
22187
9596
32718
4086
26581
22050
15531
31538
5603
31984
13470
20617
22424
1769
27818
23739
29502
23423
16268
7266
3226
693
31567
13107
20255
30337
32027
26753
2146
9076
16206
19714
18126
23708
3533
28118
20633
18090
21661
14533
1782
32336
15533
30153
2445
32237
2806
31180
11816
1644
30150
30386
8367
3945
25689
3226
16214
662
19626
97
1813
18014
9096
15208
9305
23496
4844
30872
31737
5021
27274
17059
16491
7885
32422
10124
26424
32271
26921
17769
4781
5320
24820
5224
17363
25390
7028
4624
26786
11181
27767
12745
6770
1930
6206
13983
8370
11974
3027
23107
3036
30533
28573
25938
31912
20271
18481
7386
27521
13975
6507
10523
1077
31834
16318
22922
27120
16970
29640
27164
30571
3212
11305
11712
20321
24639
20886
16941
20803
13662
31017
12511
17964
16360
6395
8540
23063
21566
27381
188
13648
27340
29155
17000
18984
1771
21706
7714
10989
1286
1148
28486
31769
5116
24425
6479
22218
24006
18360
5532
12146
9050
24471
3701
5328
20431
24527
11081
23327
18113
15515
29241
1933
29175
3258
25307
4078
21059
26307
11831
17074
6058
10425
12310
27412
1221
24031
3453
1429
8551
14029
7284
6313
129
18372
30987
1456
7490
319
27551
26151
4994
5834
1114
18720
14176
18455
4089
25839
20522
16463
18898
4391
31358
32678
28437
7365
30127
818
5970
21674
24682
7933
30267
20047
10394
15961
27308
19124
12936
32371
32488
17817
31559
22315
15910
1265
14927
17955
844
15508
18024
12310
9466
6708
16842
27756
8906
19858
20866
12043
14294
24817
25623
17519
30331
30155
19310
21501
20829
14788
11755
7316
13739
10204
4825
24422
6821
27112
3596
27910
10843
28227
20164
2241
26551
1473
5589
5682
30141
7652
22277
17681
25618
27475
2486
12108
9403
6279
27845
7513
3880
19656
16817
25802
5233
8024
17152
5410
2271
19182
23006
26343
9902
13669
22280
8440
11793
8118
13032
26657
18039
4644
6401
11501
1293
22710
17038
11195
15492
9194
25702
13076
31252
8616
13347
9276
21441
8821
18563
25095
27613
7913
22799
8686
19918
12643
8442
21346
2065
22523
26955
4449
10111
4792
32319
21062
30671
12804
5096
18917
11613
26972
24091
12759
23593
31308
24457
27667
24611
2971
13356
13246
6822
195
23269
20549
10562
26019
16995
32424
31166
17016
7494
1305
24413
27658
16772
9413
3425
9251
5900
24050
6862
7749
22954
14922
29552
15516
12843
4470
23071
6450
27329
31727
24642
12130
17065
26641
30354
14735
9482
1394
31521
5910
18209
31345
26778
20096
29083
6162
2762
32765
31042
9
23647
23566
10972
28948
29168
29313
11856
11662
5694
28066
9483
12354
31674
3504
1954
9085
10055
30862
1721
20071
30784
12731
29475
27794
29117
20100
29003
9172
10514
14968
31698
3154
32153
8221
31097
32478
32178
18913
27202
7555
7431
3923
28626
19037
8213
8851
13594
174
24808
20999
31030
17455
20773
4688
16789
6820
23886
25725
30555
17331
5442
27774
29699
8950
15875
19419
16713
4175
12476
5286
4167
636
11011
26798
11230
18411
29787
6389
27223
16847
31997
22884
25162
21875
23000
23742
26303
1998
16854
27859
3732
30553
28769
21238
19231
10269
4390
9392
21011
22032
6424
18614
24232
16801
12472
18457
3574
10898
5012
16317
23202
27910
2318
1548
31677
29915
23135
22763
10985
31545
27100
10221
5566
17003
20343
20167
32364
17390
7816
21509
20385
1224
14542
32763
10157
1051
21168
24573
7908
30714
3273
2515
19779
19579
18084
13159
21335
6414
3780
29377
27227
13
21480
14901
16289
11412
15245
25819
7987
25234
16819
26432
12729
21792
1508
30811
20893
14098
26995
18115
15214
14796
25346
3615
7554
28248
11078
8413
19168
15541
9999
14887
5468
25969
12930
11282
4868
16762
12713
15897
21179
13361
2607
20427
17444
960
27236
5056
22210
2989
391
30417
5213
32176
3397
1928
15015
9410
24701
29142
6175
24183
18246
25348
12342
16013
27699
27116
27312
4293
8918
10089
21070
11505
15234
25356
9898
20815
17493
22545
17762
30485
23414
20113
11896
21837
30364
21753
10233
1507
17360
11706
17629
253
1907
17730
21295
25226
7042
17452
30062
11806
29721
4531
27442
1277
19766
23149
19730
630
26048
28470
16326
12914
27592
4201
25225
22092
32270
31063
31937
27619
26311
16369
12002
10990
29597
23752
10896
27792
3832
28472
13828
12589
32380
4575
32432
14459
27347
21332
32550
24540
5292
10006
31798
15083
23299
25283
23894
6740
30371
7051
25672
29930
3818
30691
2038
26355
3021
18814
30369
15302
18715
889
826
13721
3846
24790
528
1940
29663
20267
22700
13866
2849
29083
17657
20904
1457
20486
8105
16142
10084
1661
7635
799
13762
2297
21985
17332
17418
20300
2985
29525
118
32087
2010
23306
26303
23422
32410
30319
31716
13145
18797
22023
30504
25772
30809
31698
31833
18074
32328
26146
19288
10517
31917
15530
2262
2713
29290
21464
1116
22042
20978
31333
8078
15675
17066
17706
15024
704
4502
19765
19049
18758
5425
5148
31431
14897
2204
657
900
6375
8699
13623
4488
5692
26653
2996
27054
30764
2907
11784
10443
27088
17858
31773
17645
1931
1652
7070
13280
31621
27723
6157
23287
15962
21440
18704
11272
20499
31755
29452
5049
32085
1932
22005
7418
1240
23402
7781
28115
12571
8826
27883
352
14934
30562
26533
17178
1201
31230
2577
28503
3763
21506
10016
23829
9213
28897
20876
5363
10296
27886
7788
22912
3660
32705
30214
1208
20434
26077
26340
24268
30925
3472
12074
21026
7060
2842
28710
8349
16659
6161
16425
32286
10547
8707
3733
13387
28567
11358
3640
13199
26761
2445
6616
13665
18996
12132
18191
21450
30227
10942
7002
14881
30377
30308
5996
21274
1395
14641
3272
6143
11547
12148
29070
25916
23534
17302
9877
30753
31376
6653
25531
31204
23278
5167
15993
15333
4981
3899
32443
2358
6786
24917
13806
12635
13849
23232
19546
12366
5081
19953
30898
6087
7471
25329
21993
7609
23499
14851
2888
29728
592
8583
15038
19962
27984
25374
10615
13715
12407
27663
22191
6150
1030
21737
29897
10753
9859
3178
30875
2504
1711
10656
13069
17021
18873
10574
10466
5278
433
6801
7381
10191
10303
32451
32744
2522
12693
24736
15353
7924
19362
26279
3222
26434
7561
25795
23058
15771
6993
12587
19160
29584
16862
16519
32512
28329
20256
19796
10784
10994
19082
3721
32613
18102
29126
16763
9186
31627
23975
2814
6951
10382
29535
29645
25110
20976
30194
1068
11250
14770
19434
17099
30137
30124
19789
6894
25524
9940
11724
28107
7500
13757
22333
21299
6943
14430
18507
19829
6995
25877
19308
29824
12330
14060
6676
23623
7383
10010
16425
14954
29841
8141
21430
3858
12261
3110
21731
21788
11344
10629
18981
32123
18957
32264
27826
14807
7212
6222
31032
23162
24292
31873
30926
17261
10282
25235
5675
15582
1666
10695
21269
8901
534
9588
12829
14280
13317
9990
10378
8027
26621
26949
27795
17195
31756
16602
29649
10173
29363
13838
13811
29778
27453
27606
1972
12815
29774
30733
8714
1626
27839
4352
10656
27783
26281
13359
19079
12980
16576
10834
15401
15857
27107
3227
16766
22949
753
12091
31106
5677
21213
5415
5094
31429
16645
20764
15877
3756
18879
30688
23579
32131
8501
1996
25265
23286
30836
27015
25692
18847
6335
28180
10151
2343
18729
28175
22862
12207
12899
28211
11949
4718
13522
27936
3191
8603
25828
15963
1451
15245
8613
5783
18116
15137
31117
11571
16689
17756
20892
5891
11012
6737
682
15955
9966
27973
24824
7209
10347
2066
25098
5835
26682
15817
21689
10625
32016
28827
24452
14748
27789
12026
14631
15543
18543
11259
20335
5181
11270
5887
20556
16940
11752
5778
18728
23320
6629
27283
20599
22898
1853
31126
28047
13834
7953
19846
12986
27091
10008
17295
15754
15590
9363
29498
4461
1738
11139
4314
129
17395
11801
20264
5802
9352
24686
1066
15073
30826
1140
5465
31439
7281
12845
28418
13466
19705
28698
2797
4863
413
12279
19005
4001
13890
933
9879
28576
17752
7784
32390
28270
14172
30290
286
2782
11169
6655
31968
10878
15953
3715
5598
1831
4014
18849
10016
6866
20638
7230
21317
32173
30823
8468
2157
27247
1975
939
31575
23784
31975
13189
24007
32476
23936
22425
21547
22289
30975
5636
28285
28327
18645
1018
10347
24744
4530
20994
13494
2016
10755
2147
6104
16111
2490
26585
21993
26268
1869
17037
14275
9836
26113
24900
27493
7028
6504
18647
917
26987
25128
29667
6858
25091
10239
21697
7496
13945
13572
13241
32397
26475
13872
15730
24044
26347
9500
21933
24184
8401
32524
563
13859
23893
27949
524
14375
12765
16923
25842
24229
29715
28838
14086
6028
25403
24534
5313
22717
31684
16429
15148
16237
10524
17963
26708
16074
18889
28184
8184
8673
14774
11517
10374
25791
22218
13044
21574
10454
13247
8865
27348
18595
27954
25089
18131
20110
21750
26722
31712
21266
26542
11699
6341
1565
16539
7934
23023
26554
32690
15411
24611
29677
22002
17191
16236
17886
11252
3036
31320
30266
5828
31235
15715
14551
3823
10175
28340
32151
7645
11692
26119
6286
30049
11296
24811
13671
9615
31153
1837
6659
25806
6903
5012
31844
7726
26515
29902
28618
14843
111
31403
11547
21650
31560
25481
14984
22387
26474
24080
13934
10392
4027
21279
18810
25605
7675
3077
1041
21409
842
2293
10991
6468
18923
7092
14094
16145
13383
6805
3273
8710
19765
16295
11841
27345
19832
2093
27904
2277
31369
10318
24284
25550
25240
26382
6686
14017
6605
30333
31972
19064
23763
7214
964
317
15511
15851
29618
26948
14157
9895
23332
18749
25269
6068
11892
23338
2972
31287
901
10606
28325
17624
12457
16935
28233
27070
21186
13502
27165
24762
32424
3517
6995
8642
8651
17632
6788
9122
22042
20846
29357
13038
11555
22729
25975
13627
13947
11076
17595
11406
17760
822
1349
3861
14749
14925
28376
18197
20398
26916
3443
28452
15397
9495
18387
7832
5708
20566
16185
23103
22028
12344
23661
32081
26893
15826
11779
11938
8991
25801
31709
13852
3545
9316
13297
18029
23423
18149
5196
3837
297
8986
13911
10787
15394
7215
24410
15256
1679
21446
14910
21292
16209
16969
24215
26551
2348
10623
18658
32339
9512
5470
10250
20936
19511
24353
9266
3656
19481
26266
686
30045
27517
30152
19282
32287
22889
684
21232
17834
11227
17241
20252
25551
12721
18507
22322
30730
7110
4345
30363
692
16734
20141
13387
24186
964
18836
13198
28174
5425
7185
20997
21020
9968
14423
26347
15232
17088
27703
1949
11702
21370
22326
30042
17810
8435
1763
6215
22577
17188
11624
11190
32303
20616
9822
32679
24346
19398
15846
29583
20775
5264
28149
3673
8484
24523
1519
22443
5806
31472
28792
22122
2212
24242
2951
22656
5596
21729
18107
26589
22036
13710
31731
4283
5931
32624
13849
23847
31377
20358
23102
10685
1788
31742
26348
14259
604
22102
15799
8217
10258
22721
11030
3166
3932
17100
8305
22551
22036
26945
21627
32764
25499
15691
15810
563
22544
20188
7045
5074
31685
20044
197
20383
17139
20803
5534
16922
14764
24280
728
30397
27666
1786
15290
27266
7879
2319
6686
1958
27556
19932
203
3756
5806
14501
30718
4262
12101
5013
30794
24240
20895
7008
22434
4797
7285
28198
3253
5526
12028
24987
15482
17951
17175
1125
17931
9692
14283
20165
16566
11957
8179
18042
8273
13814
10549
6626
29647
154
28468
30307
29201
27849
3847
7689
18686
21663
3819
112
25302
3631
28212
23269
5571
11464
29066
9160
29106
26487
32593
17716
8288
18636
8297
27363
3000
3041
31000
26443
15964
19097
20036
29709
12930
24870
27366
20880
769
10958
31163
2537
12971
31726
10045
23295
32222
32063
8145
3052
27222
19544
15938
12710
2373
1396
32366
9950
8102
6774
2111
15144
10446
6954
26333
23901
26436
21198
16418
17725
30674
24273
8271
24665
6876
8922
11773
1585
10225
15884
23126
14233
24480
25993
24964
28001
3981
18484
12138
14900
15556
24508
31890
17345
18508
21206
14183
22297
16896
19657
3493
7256
23962
28208
10765
11656
15889
15099
31325
5314
2853
10680
4479
30102
1335
14353
31233
26030
2911
10389
3269
14509
18361
19899
8186
17245
30207
1571
8778
23050
30813
20000
30293
3625
11904
2676
8799
28478
17137
28762
10309
21244
25249
11978
6582
26797
4805
15608
15519
7124
6371
29214
21479
2577
10541
19067
24669
4166
20239
32155
28143
13048
17412
18906
16668
26104
10413
6436
30892
30530
21540
25342
30622
8485
11662
28618
11106
1956
17391
24902
584
9501
6211
9303
9785
27176
19914
12293
20389
5314
13475
13766
17596
683
25244
9983
22753
780
20041
13256
91
27485
8275
9968
19534
29574
12051
17216
25322
7492
22623
1540
18403
10959
11684
29384
2337
26810
9781
19552
9144
20250
19427
24363
13594
15850
5582
16536
19596
22702
25979
10216
28886
17751
23078
17462
11839
21095
28249
13237
16568
18517
5053
58
11864
27187
16689
17658
26120
27022
10009
24980
13952
20886
32248
24146
12658
11646
9026
26027
20228
28198
30827
30477
25988
21240
14404
14042
18775
23056
13959
32689
10547
31647
15792
6382
31375
13457
32527
13940
2647
9325
18716
9642
1507
17021
30730
19395
4138
28208
21663
22851
14131
24252
21826
22206
24013
13831
30038
28387
28032
15048
5830
6586
25795
32233
8673
3370
5487
28465
22377
5822
10100
9503
2278
17065
13259
23577
11072
29703
2988
28870
30605
21093
0
22968
3624
12420
15641
25678
20483
20570
3745
14552
25150
10330
8144
27133
4088
3573
3042
4954
32357
26977
21193
19308
26400
22169
1567
27824
19651
22437
16990
31240
23990
31771
18515
8801
31044
8678
19152
10131
2804
13126
17570
11400
12310
1560
27330
11937
23452
16472
3792
11861
27691
26084
1468
19228
26738
29570
26311
22155
21947
11045
13994
8896
23743
30060
21268
4096
12479
31852
12890
7583
27856
25519
19306
544
23415
16764
14850
3742
23669
15705
29471
24939
23780
30671
7607
11254
5507
8045
25514
4082
847
22288
20215
22452
20051
20833
1835
3549
4800
17822
800
14394
16448
8606
739
14824
904
7439
26102
8380
28204
4611
12728
25057
20664
16043
23585
18883
31484
21601
11954
9004
22183
30700
21932
22957
4120
5888
28545
6976
16752
14085
12424
15659
21484
8473
28404
26664
2930
3928
11015
20418
28777
16219
26499
30978
3022
3582
26210
21579
10628
103
7622
11907
5356
24132
31027
15731
950
16723
15100
19313
8951
15912
4603
17980
31355
2603
14213
13607
6748
17120
10653
23162
18131
14955
21864
1045
5711
27987
17890
20310
13764
1414
10958
25661
18246
3741
19443
27598
3798
16226
15493
17847
24956
31887
25314
16691
2710
30937
10367
23854
7023
5677
26145
21418
22803
27706
24656
29793
15458
6191
26632
4780
14436
14790
29619
2723
15068
16769
17492
8582
6944
29747
27397
17756
27431
18371
17059
28633
24292
32045
12744
12421
15826
7113
18681
8731
4817
12752
4385
20271
3632
32284
7742
18964
19979
26415
14939
31741
215
25463
15550
28514
5691
14033
24930
6566
29217
10571
13480
26614
22030
6958
26441
4980
29870
6716
7823
149
25524
23606
5317
11719
24545
17057
7660
30040
5985
19402
25775
9875
28254
5384
29593
14892
29136
21057
24198
9694
27794
24239
8279
4946
21179
19172
234
32323
30507
3084
5962
32224
16228
12403
15394
15729
18844
15687
120
26686
14608
6558
31895
3244
7322
10938
2893
15018
9094
1420
17751
24907
5282
22904
20762
12212
15252
30808
23188
32057
16496
8131
18321
31939
7562
26511
31778
16245
10121
31124
17227
19087
23485
30387
12284
17554
26803
11544
2626
32165
9478
955
7359
22327
26743
16173
30296
20198
31552
913
29741
12447
4006
14312
10190
13319
31182
11923
28076
2330
6609
14098
18381
6162
11282
32018
20676
30859
29648
22695
23265
25572
29687
29654
4005
9960
10812
26966
9080
22190
104
16535
29086
19645
26612
27396
5224
11892
21463
9862
19879
938
1180
26953
21350
8337
23223
15042
21721
26336
8985
7665
19344
8753
4610
28899
27888
935
24599
25980
20452
213
15796
30579
6864
6619
4227
926
19911
19154
12110
25712
31997
11371
4113
14272
3967
2002
7252
12747
22049
25049
8119
8573
3768
16722
1231
2540
10122
13500
21552
29990
22275
23331
10699
25644
23466
29761
5243
62
30803
15337
5082
29017
149
5286
10329
32255
2430
17823
10640
22582
4742
20413
22226
15315
15042
7696
22021
16888
22106
5487
5296
3548
30781
18271
16214
14026
17427
19511
17155
4973
7284
2177
3364
19018
343
24994
32155
19342
13005
9662
16147
6154
27631
10966
31121
31100
18964
26931
4940
4112
13384
5384
29631
22822
22266
31571
31996
4950
2037
9732
12099
9137
9874
2913
10963
24650
19499
19625
1024
25590
24786
18423
7558
20303
26691
362
32029
6911
6936
10115
20046
24379
8252
14030
1924
13453
31394
197
25958
4567
32567
6641
12388
19349
26389
29522
144
6242
20985
8961
29616
16062
19703
8212
2449
20494
12652
30146
6814
5348
28725
12744
7344
3713
7454
4618
10792
12696
20125
13694
32572
15957
9665
21574
24974
22942
4709
17180
9731
19353
10153
17907
18642
1902
5283
30171
19419
24654
5457
15910
20283
4020
28626
13513
6173
28906
20950
20997
31186
5584
8788
19270
21797
6361
7035
5451
8680
20566
16618
20871
14035
18167
1571
10951
17295
7566
14653
25878
12557
14871
1498
9437
23580
26614
9305
12623
24123
19839
2381
13828
22699
23227
10541
18404
30153
5481
9293
12615
5275
26180
28428
18779
21161
19332
19023
23237
26638
5287
8239
23947
2510
2929
6383
2097
18026
11826
31793
31778
4274
24391
12905
4434
27867
11747
31377
1314
29649
7184
10271
4228
8398
1520
32052
10591
7468
3657
29974
29493
32376
13376
4832
8963
10951
30309
2168
23144
22349
9968
18882
15882
21803
21834
24595
19254
8329
28880
4585
12486
26085
2259
13017
12104
29098
19939
12232
17500
15877
14413
11102
9566
4852
30690
16056
19781
27808
4346
12893
8651
7148
19129
17268
29647
21838
21137
18740
24311
8670
14600
20123
19609
26284
11196
29795
7644
30295
4260
12082
16666
24795
26264
13841
13961
30123
3860
13599
18459
11264
25913
6278
30882
25968
17940
943
28216
16066
28195
18610
23518
25345
20501
29713
11875
5327
18642
16549
136
25084
21691
2008
6753
13655
10803
533
32766
15044
23902
27517
21323
18831
28968
24796
3381
18688
31114
2267
21006
17200
13065
23927
25907
6682
13183
10673
32748
4853
6173
3975
3987
11202
21681
10788
7929
28449
2085
8276
28421
14952
31304
15162
670
10742
9938
21829
8651
8133
31138
13664
6169
6207
8265
10857
12862
16723
5324
31461
16123
1991
17830
31986
5959
3792
32525
27260
29097
17888
31094
17844
1254
4287
12635
25022
15836
13789
27708
25514
3246
1767
3812
20390
3361
30616
10477
30322
3654
5842
22918
22292
15706
7661
29044
18636
30698
2639
30295
330
2362
30012
27439
19231
22248
7664
542
114
16589
23019
7024
7668
14372
24461
13784
534
20974
7906
13308
11385
22677
7359
6964
4517
8399
1038
12175
22271
9669
24934
4376
2805
12405
15583
15959
11644
3668
1572
8218
7356
6968
1737
629
14857
8822
20191
7943
23318
23367
20422
7295
23397
1137
6467
10079
25090
25379
27858
2048
12145
10528
6974
22998
2021
1567
24686
18422
3507
26738
12674
29397
8197
12519
12575
25427
4563
24044
15878
12024
19727
29174
20460
12669
13856
6435
5766
32654
25490
21022
3811
30414
32268
7747
766
3868
23682
32003
10132
20757
12459
13962
19507
5593
22454
14752
20884
29714
9017
4301
23082
32307
11882
12993
26875
13822
5009
12786
25263
22857
5565
3975
9446
27649
4790
13685
10191
9071
20788
23528
24055
5818
32590
24036
18014
22702
30005
16684
25808
24251
4130
30051
5234
22849
14733
3697
26780
24843
28320
32296
4070
7705
23531
4392
28038
19362
24921
13055
23769
15705
4707
15765
21311
18928
1667
22472
21548
16090
3564
10067
27516
16726
7800
23028
8711
16553
3298
18894
8310
23978
26165
16652
29781
27524
32132
8391
11113
28088
476
28457
14659
14177
12407
4307
23317
4028
30514
12669
28101
32743
6977
8156
27200
11753
14370
8393
31761
26867
10959
32159
26162
19174
15672
20965
10785
4884
9712
23597
9527
7755
12327
22075
6198
8208
8152
6250
19745
296
9795
3148
20304
1885
31390
12945
27075
10878
27400
16426
24503
15016
31166
5806
4983
15300
23185
7164
3957
6737
25752
13602
9625
7524
19490
26749
6361
14828
14574
27426
1290
11067
3231
7549
30965
29890
28010
15160
30382
12572
26898
16990
20001
21071
17430
21953
1518
14158
18729
7833
18039
15042
11490
29037
31542
7945
22965
14903
7765
31615
14370
29635
25208
3837
18220
11864
11998
7072
6413
27034
8616
12236
2088
17839
3192
112
14399
20385
7998
14475
14310
27907
13647
25071
22071
10968
30904
19269
200
29616
20433
3921
15834
28948
18709
8567
5843
7204
31024
894
1775
16767
32602
2197
16946
31843
9188
18835
26785
27926
17680
11907
31153
11908
1574
12640
7168
20265
29892
15901
3395
20785
6262
21480
20095
30174
8326
19376
24701
22571
9238
26597
9336
6831
10347
4479
13592
11459
24972
26177
19364
27367
24844
31807
1395
7778
10020
32414
7587
8233
18949
1947
28430
8962
10091
23502
21114
26857
21622
27312
11536
26547
16310
14428
17168
8433
14724
5266
8898
12567
22169
17153
15280
23006
24793
30918
30226
3046
19056
21296
24202
13216
22304
11206
14865
19819
28633
28043
5681
1277
21643
20352
10614
25605
8248
6251
6175
21518
21325
20439
28952
30631
22578
92
30509
7873
13856
28448
2680
23128
26163
27806
17947
29526
32448
8870
9781
18612
10472
933
18958
22754
5229
16167
9877
31337
24005
24474
15629
1999
6765
30037
10755
698
32640
29401
8323
29273
22152
7766
9611
256
13460
15473
8128
7442
10123
22596
3936
8484
19903
19622
632
18271
3013
29357
6487
27686
21637
6514
12098
25593
14221
11028
31593
26778
10667
8960
15898
24942
15290
14703
20021
2853
13244
26672
6880
17054
15401
11431
30075
30468
7559
11030
14295
1854
13883
5915
6818
3718
9375
1402
20518
25687
22356
2845
14132
21389
30682
19801
14938
19656
25437
26483
12124
6161
9682
18787
19170
18880
11075
29655
31855
32412
7015
13691
18066
9029
4982
19832
26464
19151
12859
5946
25889
22704
10859
9079
21322
476
20277
25197
25516
26926
20250
17259
6122
23306
4351
28050
10032
27713
26497
30173
27682
52
3720
13919
28435
31293
10015
10956
24696
7754
9603
30267
6044
25803
25977
30250
27029
17871
22757
1731
27766
16233
1177
23646
31430
7001
16235
5702
2865
14312
26506
28352
12414
22548
530
11337
21953
16109
30941
14368
2770
6719
27293
32260
29949
113
16679
31039
14331
1453
530
4835
27425
11330
3457
13652
28376
13382
16189
14598
13901
3711
9735
3720
22890
30340
17708
18882
772
30751
5209
29307
3926
25590
12721
15902
28334
30570
31261
5821
8294
15296
31715
4950
23062
24702
30587
17749
12040
5400
25246
32603
19436
9676
8607
31038
6861
24523
27390
30033
25412
153
2363
19173
15084
13494
28392
31247
23061
27006
20738
11436
10429
30286
15233
18595
6076
24808
21550
30570
6718
16665
16309
18124
21366
1945
23803
18153
19601
11314
19121
18814
18153
1828
27434
9830
32380
22985
23145
10593
28828
19061
2687
3349
31464
22432
31252
10066
26234
1607
14659
10906
13154
20367
12459
8417
14419
4524
24258
913
27293
2049
32621
5329
25179
3720
20942
24071
28398
13429
28765
30619
20394
25110
28475
32255
25806
5630
13507
22508
27834
32098
16481
12782
8540
27587
21415
21282
18924
30157
12701
12094
5337
13184
26713
22995
19971
28045
22736
16079
17706
14851
28908
17478
30886
19498
19423
14706
22617
31663
11446
14072
13539
18178
1841
21612
12052
21757
2770
22296
15271
14790
25652
15865
3885
758
10398
20235
1607
20219
8152
2503
24088
29627
24637
8937
20730
30841
28946
28022
27504
26365
26390
21758
11613
14319
12122
19742
19315
24197
31827
23114
9453
14174
2350
6089
16769
24237
10083
24321
27536
12697
19085
29685
15009
32484
1657
23308
8717
10955
13181
15380
22523
18990
11531
30342
10383
30961
24197
19212
2399
28578
4691
15936
295
7260
14132
6327
14269
17131
4049
10302
16967
26672
152
9827
32683
3271
28615
26680
6471
31464
27591
15187
31715
11147
3004
5145
23779
1744
15962
28989
8129
925
31482
6275
12219
27273
2285
4298
8649
16377
20752
32073
13010
6536
28064
15897
30239
25261
27728
31219
18448
21656
30361
30012
22798
9564
21586
23102
25792
12883
31872
22201
27010
10686
10351
12954
29715
30637
7426
17418
21389
31263
7751
25770
18843
16489
16718
19485
2790
23004
4156
29640
9168
30626
13467
26581
5477
26089
7156
10622
16014
8260
19104
1672
25992
1357
20699
2573
30101
28048
5658
27263
17650
10660
28319
6378
30472
11163
12106
21881
20198
24477
13234
27964
1519
30671
2676
1320
31440
12153
15307
5728
19638
18793
24161
32691
14013
19858
28261
20581
16299
18937
6878
12338
4574
6866
32063
2192
3971
32229
28475
21301
30473
30007
29402
12761
11221
15591
24781
13117
30520
22614
20735
26988
21918
31370
29036
13632
9224
19925
16182
27433
16828
24241
22005
13610
31290
11759
18767
22052
19315
11793
15562
12887
23606
12276
11741
16678
14059
690
9293
19482
7299
19142
15543
7978
943
21617
16744
3642
6224
25949
17781
29665
20271
20865
30217
3439
25071
22340
5625
22575
18240
1765
22430
21481
31573
14618
2275
20139
11415
22775
17821
7625
8347
1298
9243
26659
25937
19429
4094
26022
8831
1907
18251
14358
8046
7215
11711
16650
20708
7961
27235
6456
849
10026
864
3314
30029
19954
27667
16881
30274
9088
14692
27218
23910
6530
28756
10462
27885
10669
8918
2702
30076
15199
20192
14670
19936
3203
13249
19458
29440
8630
4533
22471
25616
423
1975
9851
3848
16324
918
13951
24917
6675
30795
26555
20686
11869
20106
31203
28905
2706
17303
16377
26671
7273
10843
11540
23021
17479
17079
7775
6189
3938
6936
1636
12772
23846
12364
23947
12653
29656
16276
31709
7990
18553
32506
16398
7354
32237
12260
10171
11183
24412
16362
15600
30080
23001
27621
31981
9981
14657
6472
7210
13394
11366
22964
19352
6453
21613
19654
25386
26980
25461
21556
5524
17743
3706
19992
4435
1809
22136
18827
13037
15269
27859
26998
11386
15447
14070
27045
18019
31864
13626
31261
7530
24406
20746
25776
490
10860
22086
12494
23648
26581
7140
14750
15147
19719
8157
27213
28048
31165
6727
5287
20481
9013
19390
5604
11679
32668
2825
15812
23293
1479
22011
11230
28199
21795
27030
5940
14307
23023
9591
13324
25142
424
15982
11259
22570
5061
1132
23619
23247
677
16290
20063
26496
18630
26855
7899
21351
9783
16730
18025
16452
21072
3401
31026
20073
30112
30290
4202
12297
39
22728
12839
435
12229
89
11123
3098
23283
6125
12447
21271
21425
20688
30683
5617
30399
1300
25092
9435
15120
22833
9661
12222
21884
8431
12481
29241
17589
2950
13176
24807
22908
23299
2760
15328
3861
10989
31789
10882
18424
2601
30732
17521
17097
27675
22084
11228
23434
13582
16647
7426
27920
26070
16872
5877
26291
10931
9524
414
27210
20857
10118
29954
1623
27374
8598
1475
24702
7028
9810
15082
25660
24296
18224
4323
18901
17353
29378
11721
2446
24989
8587
10981
3869
3728
17681
6001
16734
6239
11571
6305
12871
1140
22461
19172
2846
6995
24122
18535
2281
17204
30217
30938
7463
28145
14003
3704
1725
7715
6780
21569
30515
18312
27960
12682
6176
3753
7520
1720
1251
11193
9061
18249
3220
29887
29508
29972
20539
21240
11355
24785
4415
10102
31611
21467
17441
25358
25406
1845
15209
21873
24219
3019
32481
30617
4535
2043
8962
13671
31998
28244
13484
31370
26227
4510
3354
1698
27972
14874
8724
19621
31650
8203
9830
24962
2767
28532
3730
15877
28025
14628
19906
22523
5190
29936
24320
22166
176
31040
28329
26131
23059
3021
14367
28313
22788
28584
27583
12901
31973
5247
12563
5924
16310
19228
6472
7840
15406
9006
5602
21151
31243
22092
18350
10248
21670
25655
14840
7496
12234
17503
24063
6132
28358
20649
23206
17840
25025
19824
1132
1103
7502
13002
4510
5436
28737
6924
24268
8216
27584
31376
22393
18596
12701
1205
22294
23522
31971
25128
5682
22647
6318
7266
30699
22100
14656
25202
19368
4501
27474
2813
22282
7337
3496
30595
15391
32180
2280
15587
4057
15153
14764
13602
13503
7132
16598
24168
19939
7631
11812
11083
24084
26859
14596
10320
26452
16505
31657
6831
7821
14353
25694
31831
1919
12219
20762
31026
3325
23381
2389
20906
26969
22837
2587
18028
29469
7183
22623
29036
8699
11288
19857
12329
24583
875
4723
818
31524
2476
15400
1769
19132
29420
16269
27015
23989
1485
11981
608
17568
3303
30000
28265
19507
30570
1332
22007
15353
27908
11487
16329
27976
22789
1107
5449
20084
12481
10915
15375
9794
31029
17637
26791
11167
20462
29577
3732
17810
31527
12777
4500
1904
17714
21536
7206
15695
10009
5920
16202
7356
1668
30463
16264
28081
2781
16274
13107
16321
19891
2877
21999
32662
27228
9225
13681
157
12511
31479
7046
20224
17
10645
22871
24021
2813
12750
22507
26005
3465
28678
4589
1743
13399
29543
23216
1309
15338
12405
5744
11864
2826
16873
18395
16904
19561
11196
5839
27934
19334
21634
13414
11750
6354
10489
16432
13367
14610
7650
4799
4589
25604
1039
4457
20376
5701
25278
28489
14710
31346
19493
32647
30879
28045
24654
31961
19584
8867
29221
27210
30858
10668
720
28987
14891
23987
1854
24743
23294
32311
11267
12715
13119
30672
2915
13637
12417
8214
2476
20316
13475
26814
19402
25344
24832
19974
31765
21492
8678
1108
20845
16745
3658
10521
3209
24077
28601
31484
24460
2372
1682
23861
29657
3509
24179
10806
553
10505
18161
6545
12507
16623
17548
15638
11403
26980
3553
22843
12005
8241
26914
7362
26555
25013
32196
31637
31830
31460
28279
12533
4362
15504
20315
11475
4365
29672
19569
28798
10378
19518
5200
7807
9456
32269
23321
16833
12176
28474
2476
4086
5735
10394
27932
11061
5944
17589
31329
9960
24799
15305
31309
21477
16097
12562
12738
6107
9031
9545
23073
21488
685
12907
32261
7848
13974
13499
3634
21769
23042
1290
17096
18173
21571
10294
7357
759
1548
6129
7049
1241
19659
2243
31523
19478
20536
20818
3629
7443
20014
22242
2155
29140
22715
8984
19834
24020
14963
1795
6079
26932
29961
28509
2973
10008
3616
19981
2795
2895
7774
15601
23717
17202
22210
15835
31969
5582
28728
15321
10501
3909
14699
12730
31800
31601
14043
6605
12310
29643
2351
2796
21928
1163
3532
9913
6803
11537
28070
15656
28303
16260
3670
18750
7451
25529
6510
11032
12144
16726
3593
17198
10931
5431
4262
21209
32366
13840
27958
17939
14145
19540
32627
19070
18901
16726
30068
22441
2578
10671
8318
3214
8850
11999
18462
1631
8277
15415
13172
5250
26294
29430
23762
28122
8093
10674
902
19272
31735
31481
4083
2929
22627
10041
32231
17346
6702
19933
16680
25266
22658
16825
22608
18247
9690
31912
475
29148
3513
30323
18303
12833
6812
25333
21436
30307
30765
7037
17843
8206
1465
14196
30523
368
27876
6208
26930
26815
4252
27751
18961
23646
26699
28152
19139
27740
6993
24615
13752
15678
28849
4151
31797
12286
26378
23965
11758
19283
2250
3426
3798
18995
20638
27849
16182
29590
12845
1842
10748
8062
6917
29502
11606
3380
32725
31540
12672
28372
18910
9379
8667
19979
14500
23369
31806
11808
3049
17204
27280
3889
2523
30247
6807
14016
13709
12351
18443
24942
18852
12246
11503
16901
19283
19624
19489
29116
18825
2612
18991
13751
7272
10598
18540
15822
14586
32114
30275
16527
27935
2051
19660
6278
6090
8341
10397
18108
12653
11039
13795
32381
14514
8694
25265
7774
22380
30446
19351
14975
21453
4034
22135
7182
8665
25014
28564
23052
10522
28794
7404
28500
4758
13394
23496
29145
13054
11124
31889
20271
25896
6833
28901
12877
26815
16728
16362
30353
6458
1112
5346
19460
4362
21668
7168
28896
3352
21724
8570
9295
9326
553
9952
13942
10292
25705
25260
22962
16351
2444
24090
6433
5541
20541
9530
6245
10036
17861
15683
164
3747
6957
21802
16083
22441
30115
25715
30517
13581
7712
11336
21022
10845
21575
20168
1533
32227
18575
28833
17049
1749
420
6369
24987
11212
12555
17161
77
9591
15109
22371
26273
22929
30135
32150
24437
25104
25479
32120
26133
5280
27849
8739
19714
7759
23707
21323
16882
1930
9485
22735
21271
13384
11910
31885
22948
13445
13923
32379
28046
30962
224
3828
18063
16363
25148
17231
11889
20137
25368
14518
26761
19129
1057
22837
12930
18348
25838
30482
16988
23825
21035
12893
26035
22688
32504
23751
9797
24760
28044
20408
6063
6924
19230
26779
12919
11161
17157
8061
24655
8155
3358
27606
7576
6720
15214
27558
21542
20957
2824
196
21315
14943
15409
22643
2294
26693
13763
4407
24709
1357
30671
29415
27192
26924
8582
27906
12384
10882
3674
20294
23960
15373
20064
28799
6219
27165
32249
14238
14198
19528
16561
15114
13487
32606
25447
27195
32615
15264
27055
30084
5484
6956
2676
26672
1201
9404
24546
10449
14930
28304
20098
21461
17107
28073
26535
9306
24489
17720
19210
24388
5627
10838
19377
29836
6825
12277
23573
19162
16270
3863
1411
26967
17922
16190
28355
29628
15011
29475
13816
11440
15958
19882
8647
29264
24712
25366
28091
26895
28346
23161
13800
18624
23868
17263
17871
32753
11576
29708
20098
8571
29683
787
18441
20567
26448
12905
515
7603
5014
24009
10128
3397
7794
16824
14959
13280
15168
11964
18788
9285
13446
31945
26077
7739
11969
21244
7380
13282
2149
6028
30455
22852
31519
7165
17415
4653
25181
22934
13694
12861
19216
21014
3188
25403
12464
26787
24259
26028
2945
18179
14186
16292
5142
8974
5679
19933
24595
30819
4745
27398
15415
2651
9660
8541
26521
16955
24646
6784
5169
15790
3706
16768
20635
8562
4203
19256
16152
1105
26891
6365
15830
1619
18580
10454
25713
26674
5671
2509
31417
14094
15539
1030
19638
24674
16153
27887
32745
16951
22414
22777
19925
2967
9792
8103
18366
325
13116
26084
1969
31403
18319
8858
29380
11028
25003
20864
28831
2843
18701
18484
15419
30307
1309
24969
12778
20873
15190
29474
16024
19543
14502
16704
21584
5179
10776
25816
2050
2807
18608
22505
15491
21913
31894
7180
32469
22446
15224
12109
30633
28339
9769
17209
5666
460
10638
27192
22492
14777
9914
12061
21037
29957
26200
19196
24746
19584
23369
27963
7405
15344
30863
18924
918
17156
7786
25178
27280
4745
25280
15330
11414
6624
14530
30981
11765
2224
15309
2235
7827
6360
8590
24585
7472
13480
5994
29141
8172
19792
3869
22778
17929
30104
16033
26776
30451
5330
22353
5805
29309
17933
14414
29930
13934
14220
8226
11199
23868
7799
8611
11193
23063
4815
24602
2317
13865
26535
22181
13685
13085
21394
11994
3130
30430
32088
27309
25746
9377
16621
26004
7725
1829
16547
28905
23563
12345
5790
3983
24976
12672
14984
5336
17882
21105
28551
10918
29010
26529
20076
721
6529
12101
16430
14281
12070
22258
31894
8317
29317
3752
24891
7035
8705
19727
13489
5464
30445
10496
10750
20050
25760
27719
14413
9012
19911
17320
6887
23930
9216
12320
3422
20150
9636
7532
6155
15154
11747
16848
187
22487
19223
11025
13222
24397
3922
7363
14497
612
20281
9163
2196
14259
17174
796
22317
11903
15912
24004
9430
26846
28734
16940
11493
16667
25988
31387
1043
24157
14492
18173
31536
23684
10992
25571
6677
11092
5959
714
18137
26837
29335
6048
27976
15097
20250
8068
14992
27776
5540
17614
16702
20761
26932
1103
6505
13514
26825
14298
20781
23185
17271
10754
16732
20044
21177
5926
6767
3542
12041
16299
15811
19827
29358
28553
14082
23406
7894
7945
27102
26368
22244
4301
18438
11892
26123
4368
9042
22665
17180
14895
28737
32024
1692
25192
3238
8438
1818
5858
24222
10524
4031
18414
24517
2309
25895
2701
26794
12376
3183
4914
20608
31687
2192
19913
13590
11575
491
14071
32521
12065
3109
23204
30264
10040
32308
7095
31352
7244
4282
10528
13449
13166
13970
17436
21321
18517
25513
15284
10536
25856
13840
16775
15836
23709
13647
31690
10326
3498
7163
30861
17652
3930
24459
26176
7160
20026
27239
13685
3129
23572
15426
2024
3608
30483
25770
4284
8886
3113
3037
18951
17252
14510
32223
9105
25947
3914
27593
3801
26030
9236
22372
3161
29052
9211
23798
7691
15978
31590
20316
17196
10064
20503
23129
24896
307
21077
7982
15958
15476
10570
32619
28813
9798
32426
2564
26327
24165
28053
16039
28413
21766
22719
6989
23780
25865
27598
10256
14094
24182
19459
30012
3171
5415
15389
16296
22322
18370
14202
12103
4467
29419
18560
25594
24143
25783
7739
17576
27874
9315
9543
17553
30783
582
10225
4831
2228
25604
14745
26750
23120
8453
29019
26670
3235
805
14318
17623
32709
16301
11467
8732
666
31875
26258
25394
13907
13725
4778
23539
19256
5819
14376
6190
31397
7510
8691
11586
25171
5843
13349
18923
9433
20221
12468
30811
29555
690
12113
18061
25857
27356
19600
18646
15955
29604
21578
10941
4003
29666
27456
16908
19299
30935
31744
22567
14906
31262
27405
7581
28745
2528
22074
31741
10162
21832
25431
14827
9307
2358
25103
9586
1263
28472
17681
14492
9510
22198
13934
27712
30023
7788
19266
11548
27371
29213
6807
10019
28419
4230
15238
23320
27932
11666
28319
12892
26594
17612
30348
1285
14051
28697
25584
17967
20886
5799
22677
19095
19356
2081
1479
23910
26181
22565
27131
5962
23382
3575
4533
11211
17674
31863
24488
8413
18262
22096
8222
9393
24177
21107
27546
30161
30356
29892
7356
4460
12543
20242
23910
7150
31292
20045
3869
14292
21927
26611
4786
16063
558
15308
13089
4295
23638
32215
14265
28177
8574
15492
24957
3748
30824
22307
22475
27768
25333
14493
18491
29648
32048
10850
15818
3530
11662
21410
29496
14645
10869
14528
9390
9634
30970
20228
9380
1214
18671
30864
14338
1503
21021
31893
32133
12252
5838
20422
25701
3362
12175
16653
30261
24068
1075
24189
30730
17747
5659
9865
9951
9007
16309
22899
4920
4636
3395
32519
24582
14937
4830
29832
26827
28525
25530
5867
4862
19458
3755
23875
20145
16374
17384
30589
2673
17584
2064
17741
7790
11184
6250
14696
29404
15210
25713
31988
26008
3669
16528
26428
13071
26687
13866
7593
26204
30179
5341
28654
5296
10941
10504
17538
26615
12573
15242
10579
15544
8315
16077
23737
22333
28170
19716
25256
29685
19343
23472
31275
14102
26740
18537
1805
16262
18712
8923
17369
24828
10346
22543
20486
18787
6070
8940
28267
5503
20671
26109
2041
6354
28173
21108
18088
23745
32136
111
23730
6899
8518
23675
19456
14074
12962
3670
16865
31541
7054
15610
23298
7412
23082
21462
25499
19422
25237
11615
26598
20624
21250
18119
10453
32391
11791
24844
18692
32064
3923
13109
17901
11421
3638
4569
4443
10379
17158
12256
24353
12258
8775
23693
31499
29325
8778
25277
15125
2794
24321
28009
25051
9843
12305
5490
1361
8607
25897
31902
19892
6915
7314
6621
8384
16829
26632
6866
3364
25362
13257
32398
2611
31574
9195
19871
24540
19980
23538
4937
19164
18767
25762
31763
12594
14449
9234
15750
31443
2529
7170
11057
25248
11346
25198
7408
21397
18201
2148
2670
9795
20951
25362
32745
21120
20313
27427
20533
26973
12220
9804
10244
27480
7637
20257
26212
20179
15312
12078
24201
19141
4886
24387
26317
14768
15221
25103
22773
10451
32123
19696
26550
26528
29730
29450
28024
11120
29107
18071
6233
7030
11236
25725
6005
22769
29507
32294
11621
22438
31192
5516
19461
6798
27910
16275
7546
10444
26291
24732
7796
20193
31145
5975
11697
35
23867
18904
13507
27756
31787
2286
19986
7695
27339
15792
3108
13328
2147
21848
17948
3220
20435
24405
3457
29590
7033
20891
12609
10716
24661
26430
29174
22569
9323
19775
19303
17077
13417
4518
30546
20698
23690
2256
3433
15632
10426
7435
25754
283
28667
15456
6547
21123
12039
22704
24198
17221
30263
11779
30761
23240
28323
17180
3074
15122
14987
22609
9185
9788
13558
14489
2734
30755
21656
8423
26212
26721
13817
12726
13150
10364
4308
7909
1234
12892
7357
4550
11931
23299
10503
29042
15419
32120
27621
1375
22816
20996
19663
9780
3622
17825
11816
28891
30814
26032
31261
12248
23822
13290
30416
28378
16120
30361
9654
27792
22751
22792
12861
24254
8520
28728
13235
15504
15230
30676
18019
814
31192
23399
16385
10384
21822
24525
840
12436
32234
232
14049
6222
26988
22420
25479
2975
497
7132
15721
6409
23236
5998
7375
22465
3605
7244
27137
13318
10234
21445
101
21938
17075
31140
19687
21775
14386
22439
11165
12779
3291
5426
18603
16623
30600
12101
2149
812
10960
11436
15028
7159
17289
25205
7611
22775
139
23719
29626
124
10167
16177
12338
23058
15416
13089
74
9559
27145
13334
12913
29449
19127
20984
16709
5219
26473
15078
1459
5290
7197
8560
21600
28931
16436
21255
2632
647
14385
4785
19622
20121
21694
3074
19
12663
8944
29255
15089
5904
4555
8196
14090
13846
4361
19105
1653
339
3351
7776
4026
17216
27745
22162
5429
6100
29135
9739
19392
14490
10383
979
17548
20230
15638
12318
11856
16649
26465
1406
12710
11235
19073
27224
27825
313
27990
30357
20996
31335
12443
8601
28351
22039
26146
3193
23547
5139
28001
15464
24425
9047
31022
22899
32565
13931
25287
17775
3377
12783
11797
7983
27951
26999
9010
1530
6830
7834
8488
12603
12730
30278
3580
12411
32525
22614
2027
26509
23418
28007
15347
6920
22156
12007
1429
8443
29802
15726
15322
2523
765
29010
20372
21952
19029
22902
7910
2513
7241
7266
8710
14845
1886
28569
21826
23277
12523
6438
1089
28726
6778
12153
23180
27346
22128
2929
23884
19409
28657
8378
12886
24396
2558
12377
22628
9115
31200
2437
13477
12487
24778
19641
6521
13378
2234
25863
10869
21718
2208
11183
16814
4828
29634
27120
14900
30894
6239
11550
17372
12127
4498
8437
9283
19369
12410
25645
2319
26406
152
2894
20344
22979
27512
17862
25864
10099
16276
22841
9630
30240
7797
26392
23225
8167
5659
12405
16371
13700
27039
19478
12492
1291
19735
712
25513
30938
6330
17909
22045
25291
14149
29817
20070
1966
21405
25010
5691
32502
2485
21206
21189
15026
7858
26250
7659
19391
1101
6832
17618
13884
11129
25728
20388
27199
27206
3802
13969
13510
30982
21210
26644
15601
19118
24238
1144
24942
17535
16036
29338
2612
6373
23687
12784
17012
18847
2348
3530
11980
5408
17480
5592
13247
21301
13956
32749
24674
1257
4564
22274
29015
7078
19460
7038
32767
15260
26516
14517
12780
32102
16069
29614
31893
29419
1268
14121
20814
29571
29223
24800
17783
29532
19686
29710
2803
27163
17996
21806
19676
3270
23645
29445
17524
24289
13978
226
6751
24279
12499
9765
26640
20892
2109
18174
28034
29073
24260
19063
20264
1192
2210
437
28710
7624
22577
5242
15553
3443
23549
5871
30996
17830
17182
11425
26629
13568
23493
23753
24184
23847
24596
31696
5827
10344
1331
19986
22625
17053
160
18403
18410
31060
30662
3791
29506
26413
3538
8230
28177
28292
962
16569
4724
18256
7870
6622
14835
9291
18604
10170
690
13140
7935
23743
29931
32017
25551
7795
7323
26584
1327
32627
27516
25040
11963
23224
30516
30291
6512
13338
26572
21143
3521
530
10851
32142
19430
17604
15396
18186
20088
3645
8565
12837
6971
24569
23921
24288
5691
424
32153
14090
2842
13617
3526
25188
24744
27640
2147
17922
10932
24925
5848
4852
3618
16005
13897
10278
11070
11100
5249
19333
592
28890
14633
32355
1649
4230
20286
28957
21148
30009
8898
23035
13576
8485
9905
13143
1205
32021
5942
9474
30021
11510
3103
7395
23822
3479
3983
23265
8557
16301
3314
29700
15709
25626
11318
4310
5704
28015
27961
27408
4893
10927
6013
20082
10658
28502
21027
8435
22028
31897
30743
13850
12493
4080
31880
29100
5805
15058
29595
32135
5916
26559
4960
5838
7366
12420
16645
13894
1129
27067
32329
6144
5603
1937
19252
26169
5008
16332
20485
2942
21458
3340
25453
28692
6385
30544
16634
9878
6950
17853
982
19424
30962
32155
14769
7724
436
21153
8700
3963
3707
27762
27992
22327
23833
9575
4430
18198
8569
9871
1088
26433
16690
1268
30111
7606
27995
17440
22111
25834
3746
25056
17832
21939
14232
20296
13775
2150
4431
31479
23940
4412
30247
20637
18765
7163
12005
20922
8499
27346
1541
11176
30394
15492
9554
28379
12055
24009
29107
19304
23966
27121
22856
30404
8826
32458
18357
7886
24992
26564
13502
3600
26118
1107
277
25922
17679
28053
5487
3600
5706
7989
30685
19230
21341
10127
19290
2376
29756
8980
28064
22062
7071
1776
10049
8176
26546
32491
8690
8758
15118
25229
6442
9332
4584
1414
30956
28012
14216
26445
24288
4084
28669
1542
12713
29945
27152
22697
17011
18116
3446
13409
11467
8572
31050
8498
26804
11500
18106
25055
17143
903
25600
13067
12218
2729
7060
1438
11092
8224
7071
14442
7520
16619
4531
5391
29200
3393
11962
5147
24005
19926
10029
11382
32476
24153
903
12798
20938
8513
21752
1902
11115
24777
8797
10116
11671
16697
8560
18787
27127
10344
4156
9270
10006
15999
17109
5654
31675
27647
14661
12846
13431
30982
20937
31260
14202
12750
27454
18075
23210
13430
3030
9055
24567
19461
24591
8769
3048
31916
9702
27036
2682
9547
22599
503
5675
23095
11977
9956
5458
23867
17816
7975
8625
22236
434
24603
11853
13537
1367
82
16254
21011
18618
15740
26946
19266
11005
6538
2006
9608
3932
21267
26248
10706
23209
15606
18631
6555
25848
14657
2428
8443
13211
23377
17565
10721
3921
30011
16126
29852
19130
5227
107
6561
19726
12683
21493
22664
13583
6055
8841
22615
10300
18062
23495
15619
8776
21627
24848
13876
22730
4852
9953
27465
1846
31475
96
26780
14092
9284
18741
29191
22607
19502
24987
24231
15929
12117
12471
25055
21549
15071
8488
26016
7917
22742
19423
23016
24077
23501
17713
7561
25000
19911
16426
25644
26705
9812
31781
15765
6476
11261
12441
8745
28415
1250
27446
10413
9635
15010
5169
18768
575
13691
3292
20972
1495
29363
7289
28553
24800
31286
8016
28963
15096
22400
11263
10157
8916
6589
8978
1877
14970
7983
23763
28170
29616
12241
26979
13115
28852
11066
5898
25826
23853
19907
13004
21954
21346
20716
14141
24812
8618
27388
23958
1672
1059
29160
17671
17874
9895
9590
9295
22627
764
25762
14731
12978
28491
21057
27723
28122
28884
11492
21995
32414
9951
24063
9249
23978
25078
1099
2514
1307
15185
32104
12842
26434
16530
12999
27115
17061
1971
11719
29445
30535
16188
14110
13928
16682
3769
1403
18454
31761
23403
16234
29052
21642
17726
21623
13826
2604
28667
29078
1505
10014
27839
5314
4916
20697
22444
997
32083
5678
32222
11000
18012
24202
8096
9579
18194
24185
8928
30407
5355
13673
18913
13970
3684
6321
16944
13171
408
12241
8153
20886
8465
1531
6362
10322
15070
13523
5336
8969
26085
11380
25873
10576
6523
15539
14482
4688
25394
17319
8362
26476
12018
9577
14750
14885
21836
28952
19358
4410
25610
22304
30712
12563
21771
21692
18060
17247
10062
14522
10112
8701
3660
25983
15669
18712
11147
29770
633
13463
1648
7613
8446
11444
13909
2969
3082
17898
29403
30665
13169
6165
32385
15522
25281
28885
8054
14953
8380
1331
6828
13845
8971
26247
25902
5463
10800
16025
32691
7128
22973
5894
12403
3522
24771
12261
3897
23425
1678
10667
6074
15051
28559
1612
13861
20701
11930
17827
507
21000
30290
8468
6945
14957
32481
10864
23860
1029
29676
21016
23836
32228
32453
6246
25828
10430
16611
28232
25032
15530
21136
2350
30864
15398
6626
11815
13341
14427
3564
14406
578
10915
14901
24139
29397
1865
5738
31615
27909
28048
1615
24544
20205
6390
5627
27518
11114
30649
17989
31013
6698
2715
32122
23612
19974
29154
28753
30189
26002
19364
5920
9607
10738
18241
847
6176
12271
4657
10509
15230
3914
512
28995
22584
9295
8086
10182
5912
4014
30652
6609
30148
26759
21724
30898
28317
21700
17928
21699
22504
31659
5950
17564
15916
1715
7915
3207
15834
9367
1197
23093
8243
17066
25949
26799
16231
28778
30797
8334
30202
8535
6606
2159
7532
16646
24310
6562
24601
19825
5792
19746
25182
27537
23475
29898
1789
10799
7336
13509
21187
26359
15430
12615
13160
2510
12208
17530
11702
2661
15778
20668
14061
29710
17144
775
15719
23503
8304
6576
9336
31925
13744
853
14232
28267
3467
27153
22724
10763
8064
32497
28193
20788
19075
6572
21219
27485
27905
142
20333
3433
15902
27830
23737
8059
19521
7809
14075
13579
17618
5702
897
11066
26946
17732
3550
354
21836
19160
24647
8178
31355
4596
15165
377
29933
25292
12397
29184
7510
15570
25812
22685
31815
3301
15910
16197
689
5061
32625
3298
11173
4299
6397
9637
27485
1239
12152
26014
3968
8585
7759
10634
29858
14516
31071
23020
13578
16399
20941
11359
13497
15662
16946
3882
11944
11697
1532
29461
10064
16316
8209
26491
26735
28327
21685
15521
27146
22518
31405
8262
19630
23691
26532
26747
18684
25114
31695
181
14437
18654
4301
11553
6961
27018
20433
6199
16326
12163
13058
24210
28455
9036
13858
3327
17083
31041
31342
17620
1872
30857
25030
31363
20831
20038
25870
622
9873
8462
10708
24573
24707
30879
6963
2798
11462
19918
2551
7917
20011
22209
6145
10597
829
25438
29422
2453
13838
24067
8691
5862
22839
17528
27403
380
5658
11554
4949
8459
12394
11385
32439
9708
17134
11964
29384
24688
14721
6627
237
4724
11358
19413
23490
32565
154
18651
7099
11622
29170
11860
14091
3968
27079
15787
12484
1626
18279
4999
17216
29177
32142
24385
2497
17577
10541
11931
27988
19532
1385
8623
22779
9715
24807
6949
30986
4011
30791
16553
2514
3226
23022
24476
31101
3914
14089
2570
24889
7748
17870
32733
6553
9953
6405
14416
28215
29277
4296
8102
13471
28973
18567
23835
19048
20626
9807
13595
16036
3695
28491
23474
10875
32600
1419
19268
32018
31467
13060
29566
16050
8803
9688
21644
3878
30058
472
23180
25444
10543
11079
3395
18032
30137
12001
26639
8574
19835
27420
28189
20311
13096
24238
20188
32509
8648
16463
11954
10642
15116
17344
26605
8054
12254
12300
22524
28848
5949
11022
3295
13455
10056
24115
26332
29840
1176
22658
628
16003
7123
20953
32405
8682
14718
13177
29457
7330
21523
2500
11087
15045
15444
17222
31041
28110
10206
24819
13461
24318
18945
31663
14896
16639
28367
17172
32728
25800
19571
22895
4144
5568
32453
12555
746
294
24859
20147
17720
11440
14945
5490
18051
16498
28524
32669
23904
10242
12171
26899
30912
20186
20319
20164
29030
31741
17901
10096
3999
4318
32754
14769
6445
12157
32118
4924
31620
3027
28068
1380
26169
27760
15577
19168
27063
7779
18683
15053
28212
24666
12300
11511
5859
2314
27903
29524
25963
27857
14026
3281
12697
18074
21948
30033
18769
10242
25361
14067
19659
13497
9924
8340
6908
11562
1956
17814
25169
3166
16810
10975
10659
15645
22154
17700
25960
10839
27784
11367
27942
11971
3981
10430
25902
10182
2170
31831
28806
12182
16060
3769
16167
17055
22561
23884
19560
21542
2793
21788
25019
5676
22049
31194
12695
30869
5164
32292
7861
9097
7075
12549
895
28955
25183
25792
3526
10792
22227
13001
691
2690
25503
16661
32512
20558
20835
27795
1895
23211
31441
31995
32091
7061
1799
17862
19447
24840
7707
22653
24884
14696
19447
11319
18270
30496
1383
24158
29385
6026
880
28849
6080
4367
26852
10383
7358
19599
26163
29554
31969
19970
20356
29882
11931
20576
22788
8364
25259
22719
28030
2234
12107
1211
21293
15620
31659
6171
4814
26400
16287
3506
21752
534
27540
