24855
26325
25992
32409
25879
2299
4580
26974
23679
26085
29449
6795
5738
28171
24092
24316
1879
29382
4775
7525
19255
28688
27978
3641
3524
9099
12974
10955
19733
5318
1723
6068
10863
29371
25611
3700
15711
27292
10142
2652
7429
23503
1231
15531
5043
3383
30086
3063
12471
18357
31408
8910
11380
31214
16620
20894
21176
18767
32135
18386
26441
13391
6059
26686
14529
10740
29139
15549
21916
15001
26498
19736
6032
17902
21301
23850
31005
19008
12438
22082
26980
14587
12018
24521
4668
29805
18413
27429
17539
23244
11893
14044
32434
635
10740
3325
16820
2953
12746
16572
10233
10875
23802
12124
29382
20555
31267
18514
463
5040
25523
24743
26887
16288
25687
21918
6327
11027
16310
17047
19405
15883
13150
20019
12407
18385
1022
21177
32497
2689
27351
26040
29340
8136
30573
750
22863
6893
14722
24169
11505
3086
18244
8684
27464
18605
29638
6548
8204
7531
18861
5051
21824
19730
7724
30749
24002
217
20530
23097
11808
3556
2017
2811
14253
13323
2627
28055
31188
14812
30008
5048
15789
2531
30643
25818
12238
13609
23078
21748
19556
32506
27451
28251
20866
21995
9413
13027
11192
24092
7414
6215
4328
28859
6098
9163
15701
13513
19683
26911
1789
13601
13615
28807
15145
6070
30055
18489
31298
23068
14433
17670
1510
14154
3528
13885
13627
6814
8467
4301
899
17441
23731
21929
27889
525
19857
14193
3515
9100
23223
17230
14193
2243
9549
4382
28813
29711
9416
16081
4683
142
21342
15122
30907
25058
32445
9002
30996
20785
4348
14370
4683
19312
26066
12072
3044
1250
6
24885
30473
13787
13094
7660
17881
9418
5500
9668
27906
4470
20030
3945
17298
25992
5125
7264
5386
20042
28544
16618
6580
9134
5738
25388
18743
16530
29369
5516
15209
12354
10777
20574
2916
21823
14744
28352
28892
27967
31139
29378
944
5748
7729
21707
23998
14865
1854
25144
3836
11
30075
28485
6085
12316
30532
24625
23920
9230
8658
19869
19751
12086
27314
18486
8438
7999
13685
32659
31523
14889
27050
20576
19390
23952
9481
32189
13432
9010
24049
6625
24249
11948
2581
25091
30700
2180
7538
4474
18462
10860
30084
28707
5831
8389
1209
8195
20967
25955
21030
28205
11093
22416
8568
10982
8276
30035
22318
19720
8040
14834
27910
25764
16488
17845
2741
8427
17107
13037
5851
27983
18023
15413
21558
27109
29168
6136
24342
17166
31839
11571
7953
11350
19483
1404
247
668
8348
8260
3337
22900
31285
2905
11621
30665
13361
25774
14533
1991
1314
10591
5481
32247
22902
30192
2130
31660
15435
7126
1201
12447
17029
12344
3999
32726
11293
30710
3086
27594
12219
21739
768
3528
9352
6255
15351
7320
32317
24352
14764
18013
20353
23011
28419
25020
18033
10277
16447
14912
22400
10087
9330
31741
2689
23545
31544
628
7682
22277
27301
3767
29916
15824
22908
10446
520
22077
22946
12376
9908
15507
5842
24693
13974
9855
7569
19172
5761
22365
3685
3689
10550
10675
4418
19570
32380
20990
7493
8697
30835
16050
26789
10156
23333
14716
5350
15692
31326
11722
27471
9299
31166
14477
15775
11737
21260
25917
16124
32696
5837
15390
26924
13551
6933
1475
16903
23876
3230
26576
5420
8238
5655
16132
30196
1777
4542
23158
7588
12811
31025
31774
31207
32207
1921
17048
32635
23120
16777
24613
5418
23168
22654
17139
11004
16025
6855
4766
20907
32188
26382
9974
26199
4824
21911
23555
9851
4302
3024
26438
16416
16851
28202
4674
12880
22037
9256
32315
4558
26017
8885
21822
1540
18820
12475
3169
4669
4144
6641
6988
32532
4386
1013
19704
30764
25538
6554
3511
12834
15755
131
23157
11456
31595
19697
13629
25972
23149
26585
17151
3584
9109
6970
30352
7026
20235
14509
27890
16727
25213
3646
24278
11564
3774
7546
19295
5653
20659
18633
16425
29906
6511
27390
25226
30702
16797
3373
7703
2105
19486
11964
7274
29049
15348
21437
27171
861
351
19835
27949
16050
16965
29011
4163
25305
471
12742
18354
28537
27506
19916
21344
28273
17603
2666
25101
6673
19247
10886
31193
13193
114
6395
18950
7585
10886
30953
18944
4011
2758
4174
18842
29878
4179
16603
22171
19205
2487
768
7033
6080
6600
5962
7012
17128
29647
25070
28550
28560
8938
9382
27018
9291
24751
2747
16219
22497
16146
15203
9262
13894
10633
26190
29378
12748
366
32380
19686
13463
22948
5969
21565
1617
5501
6123
24638
14880
28379
14515
21886
14549
10134
32562
562
15207
27166
11303
9199
18847
7522
20438
31413
4372
12272
30882
3372
10330
7773
12254
557
4727
14567
14561
13188
5782
27737
18008
24053
16384
4655
6625
4733
6727
3067
16853
19673
32196
11783
26980
21325
68
15676
28392
17310
24063
1090
13427
29024
28362
17385
24234
31096
31629
712
30167
11993
2038
36
7481
17553
25711
19987
21663
22793
7246
22240
30773
18056
5196
20914
29341
23802
27961
27241
21825
26864
32494
8393
19176
11239
32642
8922
6280
10701
10945
9870
8283
28609
32217
1701
6965
14363
23383
9934
31765
4012
11090
25359
12794
24647
19430
3686
15352
1151
26085
17585
17290
18611
31176
5067
12586
32072
14572
16376
28447
32310
32507
10115
20119
21446
32679
2469
17141
20634
31903
13481
26476
20717
6075
24398
717
32540
5498
12653
32157
16741
9135
16347
32363
13551
30839
32657
8288
23051
23918
29706
30744
21946
31523
7405
23216
27759
30921
26348
6945
6678
17455
9196
12748
27476
5618
20070
598
31761
1521
7181
13237
16180
17409
9137
20107
29613
18658
6755
5555
27321
4978
27610
19738
865
17953
12821
25297
32580
14501
20546
11872
5271
20975
13535
14940
24938
15965
1823
19516
9261
22065
17295
7784
23922
18498
3065
147
16117
23793
11912
21067
3033
25951
10286
3022
20020
10973
9795
18720
1486
29348
19311
2906
13350
27079
15305
9285
27062
3429
13376
39
14456
25379
12603
16861
12201
5593
26748
25898
17613
19084
6730
23375
19955
16797
32207
21980
28986
6207
19647
13253
11668
15918
12858
17592
24778
29599
8436
22190
28353
25458
21651
16833
28155
11695
600
26173
32096
30256
32002
20729
10047
19355
20463
31208
30096
31380
5509
20715
7036
8496
3280
3305
22559
5804
12908
