117
18633
12866
10342
125
4638
29502
8908
7300
21151
20791
4776
30423
28726
29700
13259
527
24807
20518
25855
11493
30551
20804
30882
71
22667
2264
30868
25515
32499
13607
24916
31651
28327
13430
6245
22193
32496
14459
8695
23645
23818
19986
22979
12934
11304
3377
13111
3318
26297
1310
17619
6969
25834
14559
8915
2222
11372
16371
19726
17118
28023
24383
13342
31245
20751
11851
6593
4111
31878
7342
20607
26973
28226
27591
7821
21608
6080
28846
18418
31533
22745
12906
1000
4874
16452
14437
24965
16080
13661
7453
24474
22297
28452
14619
15324
3292
23689
31273
15681
