4617
10926
5237
1775
32582
18782
10859
32566
14127
20901
19156
5768
6869
28700
16494
15095
13587
17671
10243
23926
7454
3219
1947
31805
26460
7260
26096
11374
6266
23090
30242
26360
20153
4125
11180
7355
5512
16798
19095
21998
5976
26168
18413
24766
8620
11567
3697
21304
12143
11920
31629
25705
28043
11633
10380
24772
28087
20346
21513
15812
31632
28069
32679
4306
18412
25153
5635
28008
24171
30781
11495
28279
6479
24483
14273
28422
1933
19299
15955
13852
31011
7250
27563
6625
9645
15730
2390
24064
8499
5492
15057
20815
4934
12667
3392
28338
25675
3363
12130
1341
21782
7106
26053
11160
13499
30446
3894
680
10400
22079
19836
2923
15063
13397
9798
5156
8875
17693
12385
185
31609
8529
8494
29273
24002
19262
20052
4705
3709
28874
30642
1153
14514
3765
28056
17435
25924
22815
26422
28907
9487
3403
7508
20205
8498
4258
32068
32123
1454
251
2069
10678
31281
6681
12810
16424
7468
5237
22090
25000
13611
24894
4825
8061
3174
26527
8391
17094
10899
10048
31912
8985
24831
25615
29508
20586
23773
16192
26255
5166
13278
24978
24283
3521
7938
6869
15436
28165
22445
6825
7308
5709
19197
9864
18625
7801
5979
28935
16316
1634
2128
30296
12403
5752
1178
532
30898
13225
8832
16951
31757
10885
22114
2925
26393
13728
28564
12940
13020
17208
22381
8033
31873
15896
18074
31919
1360
23996
25784
10613
28382
16822
1571
20336
1921
23633
31752
17121
15111
28787
10946
3984
31656
9928
23139
22289
14136
32284
30096
25670
11426
6921
10899
6181
13713
15059
8875
5051
22640
19856
17318
17265
13973
31628
12210
12175
10937
6635
30577
13822
11180
21136
12875
4434
18246
830
28936
20744
18849
6141
16030
9995
25733
25792
9031
11901
27428
16964
24023
4021
30216
29243
18253
9604
841
3754
5288
1981
26371
2192
27388
7924
8199
31176
31172
9605
25809
20016
3962
14809
31931
2059
23653
26084
14704
9124
22451
16370
9378
24117
31431
2212
13824
25606
18132
27189
9570
10713
18603
15618
11591
30086
3793
30026
20866
23011
17877
7730
32304
10726
28384
1548
4845
9998
25742
32728
11848
28414
8700
24075
19828
27756
35
2704
5184
20281
23908
24589
20808
20449
25443
10343
4717
16918
24345
25736
23940
15016
24357
16736
24907
19624
3171
24105
12961
8653
28864
18416
27126
29206
8269
20049
13568
7857
30866
5506
12463
29724
27172
2451
8036
22410
122
5875
20318
25480
7164
19511
17780
14304
4701
18711
10
190
10539
7865
26174
30993
7844
1331
14178
27700
13516
2635
3759
31438
29372
7552
20279
9975
4157
7503
3100
27548
16277
18863
16640
25380
18849
16350
28348
16723
12324
25439
28757
9327
19039
22596
7212
418
4066
29353
1396
12448
1441
16257
29161
23177
330
2709
22463
20497
14038
1481
30681
2782
17503
30113
26684
24114
12337
1797
8899
6857
3363
12865
27668
10757
14632
20304
9938
25672
27169
16218
26389
9889
31989
20347
23063
27564
15076
14534
22064
27571
2328
24970
9988
2073
13949
17363
27131
1529
23507
7476
3825
23562
514
19396
20783
6086
685
31847
15514
7627
22281
3663
4907
18817
18672
20418
9887
12285
14897
30749
31344
2597
30251
793
16899
2581
16794
20813
3875
8130
7344
12788
17582
28893
27496
14833
8590
2043
30743
3088
30699
32498
1091
30351
25759
10374
23481
2525
6891
32069
7642
3233
6248
20399
12598
28926
21824
2970
5468
12053
17565
1237
1775
10444
14690
6412
10749
31438
794
10475
11917
24276
22317
11398
9079
802
23130
26361
27513
31572
24161
32075
2182
11866
10240
29849
12641
26050
20769
23408
25963
25141
6994
8826
29370
6469
18037
26717
8810
102
16313
15584
32568
2361
15561
8016
27212
13073
5955
15394
29271
21936
31851
11737
8414
2385
17697
17706
12758
20460
2576
7262
26992
25525
18473
31225
31798
20197
10576
18073
15703
12478
17748
6688
1855
21449
28453
9237
4715
31075
25153
29512
11900
32375
25712
24757
4490
15757
12209
8619
12730
20996
14452
17710
23827
8347
9225
8345
909
18743
857
28552
26475
26080
9684
10996
10187
15116
6314
23456
22908
15648
9790
27572
8719
3892
27096
15272
2353
24342
19353
32356
29752
17042
30901
8358
32763
31217
11228
16291
11495
15296
23033
29425
4431
28115
5919
28068
1540
28553
18368
15032
294
22864
29217
6319
4921
21868
17418
14458
14971
30197
8386
25501
117
11295
19259
19855
5585
17599
137
5215
24683
3594
5784
13469
12203
2719
29471
29816
2833
21960
28368
2596
20241
7420
30930
383
3106
21161
3696
9459
23570
32305
23315
28062
8604
19762
5229
16048
26172
18955
26360
28693
19010
23452
1695
27733
15142
29261
14266
26040
25627
1617
25664
26285
3302
19244
4408
16748
23281
15474
18545
8923
10395
26578
19059
19630
26323
6228
7349
15059
15589
18143
18449
14349
23187
29694
23412
9695
12392
20195
1754
31659
585
19885
25210
16667
2125
6886
13885
1984
4559
31824
21877
10233
24257
5857
25292
17687
9026
13324
4218
23742
26995
27714
12476
25998
17799
23225
10881
16643
4122
15980
9830
1178
6852
11363
2020
24118
4845
14132
1736
6081
1763
12234
31972
32278
16681
25445
15365
12063
28179
31458
37
4922
16271
24381
20961
1506
838
18260
27949
29067
24292
21229
70
25293
9907
22267
22248
22213
623
16157
17858
18617
21590
10344
27175
17146
5758
6502
4614
30479
8811
31582
24604
8463
5857
14550
104
14927
20471
9559
223
16189
9581
4720
8802
3212
25407
13821
13805
6034
12410
17834
23057
1518
22607
27570
11428
26733
10598
30957
17591
7471
24437
30729
2248
7429
19216
1559
13625
14366
11203
5194
9985
1507
28766
30460
16034
3103
20880
26098
28507
24931
31415
20961
20126
20137
13559
13105
14276
13367
18569
13824
22528
13766
2134
26474
13969
29156
15301
18440
3388
18583
23249
26550
1274
30019
20574
28314
10990
32717
14029
14178
12697
18689
17102
24268
21073
13873
20597
27756
25327
16415
18065
30890
29641
26910
17465
29706
2528
24179
19623
29616
18778
18689
25930
10019
9266
4390
23062
23377
24878
6624
7199
11987
3857
14132
28262
23411
14354
25552
21746
14571
27022
31215
31267
23792
25594
29565
32324
31855
1819
30075
25951
29207
20089
10918
5973
3607
29201
12627
9773
4905
32586
8350
20141
1231
32298
26819
26407
10972
30410
4812
12438
28215
27399
9069
15850
29404
6267
9516
26015
4899
5804
7620
29076
8261
9602
29388
283
3100
16383
404
20812
24618
18218
28240
24480
9693
22860
28280
6843
9233
10591
4718
5512
5591
27332
21090
28811
15989
9524
25203
28019
32430
1273
4630
24815
20291
31582
15036
30403
17593
17252
431
31771
93
7862
28989
9247
12934
24287
11545
31431
4634
3771
17918
31217
27987
20523
28821
29873
14275
16909
9113
19688
14742
620
24889
10008
17432
8435
12222
4214
3959
5544
1389
19265
9673
4055
11183
13651
32592
12619
23919
31990
13309
2500
9412
6136
26164
26278
15312
12546
19151
19183
29928
32549
29285
9067
28148
15286
14284
2859
4889
10844
30684
13363
13462
26471
30326
18547
13292
28771
5317
22265
3138
6893
15556
8548
14855
28102
9729
23964
17881
4134
22432
16320
30374
17235
2978
24672
28433
6769
22376
21229
14871
25756
15730
109
2802
32052
3181
6771
13373
30328
12141
14927
6746
21079
21367
130
9489
15746
1602
18549
29817
198
12862
17514
23836
7321
7126
5554
28502
17139
17394
13600
3582
9055
21441
16319
22600
15697
30133
31680
27370
11450
16335
10678
15486
9434
4892
30214
6440
3413
5248
7832
376
30090
8882
8403
28818
21024
28040
969
19852
14561
4725
4782
3095
3788
25168
7055
16482
23653
13398
1600
10811
15440
27251
22423
31608
6174
2749
29911
23957
10087
4673
15215
31390
25881
25859
16613
3407
28431
32576
20237
15483
998
19446
28798
17834
4876
17575
8518
15110
4889
15961
30685
22648
4707
2017
23128
13326
13772
15713
5087
19872
6623
29968
24161
16819
18972
10553
13446
9117
17039
903
32742
17130
12200
28031
30584
24575
24646
2638
16973
5117
7701
32197
12926
28648
24602
9378
11363
5897
2956
8721
3589
22672
14054
26226
10966
3198
9018
4957
12192
14274
24520
24803
700
15266
19407
26647
29828
5213
27299
30414
21514
27407
15872
20642
15371
32468
6814
317
11294
10544
11013
9172
16945
431
5283
17393
10294
25800
29468
15222
2586
25095
7649
12767
10231
21868
27652
8391
22666
12302
27211
429
4071
13315
14211
2297
15979
10116
31510
4666
7155
17229
10720
8626
13131
24643
3391
7956
16874
10329
16489
11660
16348
20148
6147
17664
9215
4878
10223
28822
14450
5208
23397
22134
4939
13987
21317
27857
1928
8256
32427
34
8777
4646
8644
28339
2108
8085
16097
15715
18264
2297
5578
27048
28878
15889
11605
7376
3900
19280
6967
9356
19748
13956
32281
21678
24478
3765
24047
13874
2377
13136
26245
10107
18823
5765
12378
20960
3050
32493
2994
6247
27625
3184
487
25552
24792
1126
256
28630
26135
10492
25988
32177
29577
8153
22161
4063
23111
11266
10280
4900
22934
16123
14283
6352
23
9520
30538
1600
11582
20883
6618
23975
18181
3205
5991
1039
30690
2554
31275
10394
2294
10968
10880
12558
11399
28065
11506
20368
19632
21074
1689
9648
12887
13707
15270
6310
6240
26351
7227
15067
32544
32462
21376
28332
21525
14082
27891
9834
16852
19222
17407
26021
15426
9134
4561
26538
7431
20770
3431
3914
25664
6509
20969
989
29044
7494
32573
8071
18634
22668
18646
4794
14457
487
26316
24828
29311
3501
7474
6891
28310
22530
19876
31102
10340
14916
18207
16013
3570
4006
18453
32404
12895
27930
26305
14260
6358
4213
21433
23034
11197
19149
10946
9444
13359
27174
17895
32289
26029
26190
18125
9625
21008
21766
19009
27309
22978
26978
31251
18112
27694
627
28967
246
11381
3363
9673
16187
20067
15711
20033
10376
16289
25212
29607
31841
28972
23251
9977
17315
21765
27311
3179
32380
25643
31338
12542
29627
16582
32722
24148
1354
18597
5841
24771
11768
11242
3406
29608
3196
23556
26190
18430
8119
26334
6239
22831
6202
4694
2870
1065
25352
19441
6295
5301
20893
16589
5237
15620
815
12759
8283
11147
29491
22589
19978
13074
20771
28199
21860
14599
1407
12194
24968
24087
2066
26588
14655
5376
27510
24215
18071
7072
16858
14808
16845
2642
16131
10207
880
28027
15249
25948
16836
7520
32132
29664
15717
18491
27134
5266
8492
25229
1098
23331
6486
29109
24094
27908
26083
25794
23837
16598
27709
28550
31136
29218
3098
7147
23222
32074
15267
1419
29546
30655
11990
29562
1348
6261
3625
17510
11282
9364
112
24803
22247
5233
3072
10240
21093
1212
4885
2590
18488
18427
28529
17922
22499
11318
28998
31784
11455
18676
17750
3162
13632
26983
1625
29058
24443
26340
32159
4029
32485
1942
22262
10416
16222
13682
19406
27167
18798
8557
2459
19131
31694
9965
22395
10556
24106
894
16153
25008
12581
14023
15569
19731
16286
7868
15125
24351
21809
9237
23823
22117
32257
2814
23687
12957
29621
15376
32520
25915
23489
6528
26174
28739
15079
13462
16291
26461
16893
30561
5979
1836
22512
5802
21083
22236
1289
24614
5073
2042
9071
14575
4544
2185
30958
24629
7403
31570
7670
18993
24565
2683
21991
10075
6598
18523
15499
27613
22321
4749
27876
27463
28627
11075
1321
23684
19006
31965
11275
23053
11095
15291
31548
12892
5372
23119
29490
7332
30698
886
23593
9663
15582
3848
14439
26984
26875
9389
11203
27562
24940
243
31848
9880
4682
4254
4311
8255
31936
22080
3883
7385
28781
19977
417
16708
29705
17375
9303
14770
8524
20401
16468
14497
30731
27657
14281
25102
27813
23265
10134
30437
13725
19640
16912
21693
7304
32229
18178
7618
22058
15914
15602
7410
9692
5772
20389
14989
20528
354
30693
5318
8408
26797
20609
4287
1988
24231
15510
30644
4491
17567
17165
29815
16140
21507
17253
1308
85
15807
26546
13557
22212
21445
30694
12993
25195
28909
29264
5920
24249
4864
3426
28490
21079
23311
1719
24577
30289
26634
25429
29892
6262
16270
1327
28486
32001
14589
14830
11038
889
7892
9968
27072
4821
31289
13969
6828
4324
15572
27306
29669
26860
15584
14424
28325
26002
14210
20735
31823
25081
19801
31886
1957
5678
11606
26884
5691
708
25038
4915
7723
16315
29645
11459
25611
12967
22702
9083
29980
28685
24040
11708
4548
19473
1835
78
7231
24142
4780
4448
24465
32006
6077
3273
17087
29563
29600
23956
15422
30620
30877
28860
6572
8932
4946
5428
28606
29312
23115
7466
18042
4784
15314
9357
21926
31087
15880
8397
25984
5206
1333
7650
10159
3518
5213
19599
7290
27941
31764
17896
22584
5843
27538
10258
15623
28348
22538
28746
31937
8873
11832
13864
30508
24467
16954
11301
18545
30287
29088
2396
7120
13169
11206
16525
5777
28266
21602
10343
28478
5107
13401
30983
1295
12207
27863
17084
2982
14603
8350
16909
7932
10090
18334
13565
21404
4479
24774
5517
5903
23545
30235
23939
29847
15206
9991
14186
4640
3409
11507
16602
31091
19630
3608
16889
429
9593
29329
32322
27887
27545
20405
645
3672
30986
23973
5167
3120
14139
2849
9676
4710
22453
25504
29898
2365
32766
7071
13440
9282
27837
14137
27247
23937
20510
32504
24519
12536
28536
14059
19501
11340
17454
19448
7611
9915
9171
27508
584
13650
13201
14577
5610
12128
10955
5719
23226
22314
10497
12855
24023
31456
8948
20571
11694
8656
11019
162
1400
6618
6390
14347
20995
31012
21649
15
29622
26639
18443
12340
25040
18281
15687
26079
4848
1764
10882
11881
20186
16326
12855
6006
19832
26595
23103
6530
18207
12488
15933
4285
23060
26426
16697
14361
26959
26335
651
23201
22654
30266
6651
12044
18765
7901
24358
4498
15845
21977
16420
4094
17586
2170
27495
31749
4458
24881
20710
30678
10059
22738
15995
12530
30884
26623
7050
15678
8086
27876
2020
20054
5148
6438
25067
12069
841
31765
30710
16307
11217
32041
26871
25405
25547
23212
30811
5259
11189
180
22833
5246
29369
19540
13455
26345
28718
3859
28465
4513
13922
26269
29284
20952
25239
15545
31778
15270
3659
891
14975
30697
26045
443
13892
5199
1964
17350
20697
6577
4706
1106
22888
23715
497
8632
32063
15433
17341
29533
6006
17260
9018
4977
9170
24524
29687
28893
22762
9144
7388
15734
11656
17885
26800
3191
19794
21340
16349
13614
16554
18463
12152
19957
19410
364
24956
21348
18772
16058
27222
20421
929
9412
4007
5832
20984
30429
27717
27001
31881
31363
5507
5742
11227
14646
9650
27205
26475
5259
20455
1102
26518
24700
24831
25476
16056
30722
20961
16322
7574
32742
20227
819
14073
19411
22832
30731
1692
6577
25480
32372
32584
5934
4808
24267
25662
26013
459
3085
20949
4100
12113
27276
14692
10096
30976
28391
21602
31116
18344
10552
21196
5490
20683
4239
18631
4801
4445
8864
8071
20208
26056
11192
3439
5346
25395
19190
22906
25274
22020
1719
28121
16880
2467
1362
32222
26021
15745
15878
17176
819
27482
13872
5568
6409
17079
7873
25683
6070
32182
26096
20097
8515
29453
4396
26438
21190
2381
29525
25175
19508
28516
4907
12479
27255
15974
22023
20682
26560
26765
17097
21794
22047
6526
28945
26424
10321
27597
30898
18661
15577
6084
30051
6482
8018
32608
29368
24853
29699
15261
21585
10652
16820
3827
3666
9167
3520
24865
16914
8689
32364
10281
4888
26823
30583
25244
18499
7165
25842
1815
3400
18885
10322
3342
26722
22977
23492
29384
14404
25379
24512
25771
20051
11795
26337
27066
30994
25681
29684
14684
4829
13595
32335
7775
26843
28753
12388
2876
3630
23767
29845
17309
28524
20027
17482
16156
14931
15767
27969
10574
28088
27065
16678
8960
9665
17026
25444
10432
30804
9100
10554
17056
30159
8719
16401
24886
8698
29190
3597
3047
31034
9869
226
17510
22023
20878
16105
17271
19103
18076
28275
29433
17148
1311
1885
18723
772
3506
25316
26894
21761
9929
32187
11379
31824
21655
8283
31415
16477
2095
24987
4388
9167
18921
14208
8314
7167
25351
2646
25510
23727
19096
32255
5073
3065
22941
25996
23964
29317
2667
5386
15274
31743
18256
1438
23136
7112
3193
32725
26856
27116
24851
16437
31612
3157
27569
18968
25313
16446
9710
23738
7473
6122
29523
16016
17374
16533
8059
21211
6900
25771
1908
11646
9630
32312
29289
6412
25580
11679
23934
17190
7635
26768
16124
772
24438
5428
1198
28241
2723
26026
20875
12348
8609
1975
16020
22220
12073
31929
8960
2675
28594
11741
10135
25575
8178
4242
10588
21549
5281
28478
12142
21238
32640
10799
30768
18223
1434
1236
25000
24020
2761
21293
12581
17157
22141
7040
32293
29019
30137
78
17525
2940
32350
1669
24986
29677
6060
3063
368
5928
27654
523
15889
7151
26613
16562
30456
28127
27248
1437
9063
22088
19035
29614
9221
5948
21837
9900
22476
15590
11158
12090
30754
6429
7553
2826
70
7481
28118
27982
9198
1574
7587
27503
6447
3767
9532
25090
14748
7228
16001
9720
16050
6486
9311
22036
7540
29450
27546
24739
17746
27669
22729
4455
17999
14975
22434
15316
8803
9075
30583
21887
19998
2382
4353
5331
9359
8182
31069
26629
21092
15213
26196
22603
31826
27814
26591
11593
9400
24727
6890
25804
5247
13711
31065
21179
19268
15050
27465
32075
15033
20035
32152
2417
20808
19657
24999
19357
6138
18517
6750
20645
26520
30875
31345
29439
30992
6623
22498
20532
21785
11786
6344
12945
26394
21501
32078
17184
14152
10533
19198
6103
4111
26959
15680
29198
4788
16574
24349
16695
32568
1147
12873
15817
13183
17645
18273
12413
9650
28329
11121
14781
24033
28043
20153
11609
13037
1542
18609
22141
20133
22712
7498
14304
15663
17474
26487
7229
2986
6486
3308
2823
14865
21778
24357
30041
1122
21900
19883
12076
18176
15534
3475
2252
598
30020
23111
7309
16830
3667
13193
9401
27041
24748
15540
28110
12511
12994
8517
14566
18801
20153
8859
8823
31821
16063
13051
24892
15497
9119
16855
29043
30148
22931
7504
73
6594
24410
3321
11155
12630
13195
2526
27070
29829
7209
14277
11785
11752
3191
947
7409
27986
7438
2994
25837
19891
18988
13266
3932
21052
27727
3182
23996
7876
7939
28080
1820
3947
2552
27735
27092
29565
16471
3000
1395
28569
10838
20739
20729
19218
11531
7112
16711
11413
1149
26554
5075
2572
1025
23474
12704
20419
12484
18935
15982
713
27300
1468
10286
25242
5956
12778
19128
19962
863
27936
31680
28452
28252
32504
4870
29476
29731
27277
17102
20610
18736
2618
21648
24864
31973
6308
7664
21349
13861
19194
16880
13979
7710
24699
4709
9878
28006
19257
9640
23191
20298
22045
29837
7024
3939
27692
5273
25832
17770
25864
25199
13920
29516
31418
12428
22199
18817
19630
20020
3948
1434
5119
31404
8962
7962
27894
6314
681
13959
22989
13834
1818
31425
25272
15298
12483
30866
30502
23064
13092
2181
29763
1299
20345
20220
29890
5423
17049
637
19931
24660
18974
27725
23951
24329
1222
22336
3635
12774
12825
24783
13100
6983
5452
24683
8952
16712
32614
22801
12910
19437
17569
10527
30022
13216
8467
27750
26587
21473
20621
17536
26160
5689
24004
31587
5169
18799
27822
13367
6972
30975
1071
7781
24800
22728
6901
24305
6885
6405
27553
9225
25740
13950
21543
5854
14615
6912
17527
8114
30604
8714
93
12338
21431
21961
14501
2055
22638
30790
16260
10152
24345
11487
23603
25970
8305
22004
477
22778
17031
31458
28091
4258
2056
18997
28798
17770
1216
3097
26349
265
31582
6418
9679
27197
18551
10477
23819
11103
32461
3575
13838
10042
6352
12396
12653
28701
25445
24114
1995
13615
1511
17095
4606
6659
19307
7033
31853
11372
4425
31701
18876
27795
32472
13921
26796
6982
27256
15758
24892
17043
4054
4328
23829
11414
31595
2704
3876
15503
20294
8428
16009
24119
17676
28829
30896
32597
4413
8881
11965
18316
3000
794
16942
631
16770
23391
17595
28664
21443
26002
28545
28364
18449
27522
5472
13667
11761
26161
5282
3311
15771
12681
3037
17084
21502
10314
22042
17343
28676
15431
4662
5745
5399
24274
14729
9950
14052
19829
2502
6392
4703
5859
17954
5426
6151
27693
5049
17226
19307
4665
29997
26470
15341
1905
10640
21859
31430
12728
29316
11882
12874
10402
1440
7364
17005
28644
11542
495
1671
13833
23443
19185
10324
27495
14183
24300
9279
17746
24806
23539
25312
399
30734
5660
3011
32267
9578
3286
30059
30925
10805
19069
22166
3114
15299
25132
7363
15160
11805
32723
3058
8837
12780
16009
2987
8456
10648
14627
17729
3415
22960
2309
30552
19227
30861
10040
8869
21697
24882
25533
29685
3443
28023
26401
3953
28487
15207
29266
8480
27062
25062
20657
22189
1103
22679
12392
9835
6572
5884
21758
1942
16038
11999
22569
32732
10693
26097
27875
10779
12026
4786
22719
6765
9105
16528
6014
17250
15969
24403
23773
16524
18502
440
26802
10817
12497
28508
24887
22172
23357
3548
10150
11205
14245
25915
23302
26482
31861
17284
32068
32686
5151
17328
28293
218
4879
15305
12987
3313
18912
22096
13686
24592
18384
23261
32766
32309
24945
27141
5534
28230
4002
12416
27202
9814
15038
21899
10053
3365
17939
10380
12932
13541
28566
20981
11191
13124
22484
2922
21505
15014
17964
8998
5061
22706
32060
20123
4796
32273
13209
4184
5700
13170
1219
13616
6651
8146
28248
11417
22157
17402
11655
16466
10954
3913
4296
28489
6908
12723
4554
28603
23159
20234
19373
7325
4977
30588
8562
21051
24852
2398
10416
32287
12242
24616
11400
26164
30713
29888
23770
27435
1671
21243
32185
18974
18495
2145
11037
8563
19196
28720
1240
15620
26950
164
22220
28028
21539
32118
4442
28420
28463
13218
9758
8992
13039
8814
7385
8659
2403
13736
29870
26122
22746
29999
9618
6456
12554
19893
22014
16957
20064
22210
6374
23436
26517
14844
18415
5261
31106
8103
19933
16960
1333
17512
30026
17188
29764
7246
3998
23127
5985
10002
2107
17918
29487
22942
14328
5351
20309
16589
3281
32621
15312
16754
23005
18332
141
6555
25472
25750
11063
1815
31713
32053
12110
14133
17310
30194
19577
25551
25279
5638
12061
16775
19945
1999
32558
9041
27604
14452
20805
30514
12031
23244
11763
71
30627
4476
9046
29192
20965
1120
5353
20686
25679
25901
15776
15251
8833
10068
6197
761
6180
28457
8636
12686
24608
31812
10878
26959
7183
4903
10500
14955
32753
10786
17266
22345
17953
23924
791
18891
8072
28339
26177
3541
29712
21358
17494
13577
1883
5904
14368
30677
21942
5127
1129
22448
15688
18470
9928
13984
18319
18504
3258
2048
9998
5943
7924
32384
15679
25548
5880
23405
15567
29271
21223
17203
15370
13632
7062
15136
19349
22767
4323
13418
25947
18154
12362
18548
18377
25661
10675
2637
4414
3871
30350
4473
12221
8146
26402
8693
30950
28875
6690
5493
32292
12819
4738
27120
28967
3053
24456
6494
11413
21689
2854
7873
13564
24088
17031
19554
17932
7505
27880
22365
16387
13044
9385
15455
2408
5565
18084
25007
14588
25786
3005
6763
7150
9392
24762
28437
27726
27836
28758
20302
19396
17974
5008
4320
22146
17370
7241
24578
25207
5162
11790
1240
16069
4878
6451
8762
1910
7870
27681
20918
24938
13281
12016
16600
12948
5367
32057
13224
10855
244
29221
4213
11914
15661
6858
22737
32723
30328
25272
13277
11123
15759
11982
28103
7278
8886
6739
4240
24911
13470
2626
31251
31257
26248
2788
4931
17024
8621
11172
3252
19545
1502
19744
17501
15952
7528
5500
14492
2777
2106
32507
11386
4969
25162
13520
24881
3045
26932
12849
2283
12891
9508
22446
22221
12016
6391
27329
20532
12313
15773
13222
17214
5902
19650
11628
1677
18556
7853
31821
26183
30074
8040
7739
25185
28863
7969
2491
8734
25618
464
12022
16594
31233
4634
3853
22508
20438
31605
23982
27187
17351
12174
24805
5200
29549
15080
820
9869
32376
19653
19429
3036
24992
30281
12703
8731
32223
25821
31544
26518
8157
7122
8906
8654
7084
28998
28425
24953
20661
21068
14035
1993
10738
4679
777
12529
28254
18839
670
10214
30122
1912
1261
18274
5426
23334
28240
27695
22831
30790
23278
23714
24110
31361
25556
18790
24257
3186
14920
19322
18804
30146
3417
893
29442
21649
28091
15914
14537
1560
9170
16927
10108
653
11277
10978
31256
12359
19829
29989
1305
29219
32390
8265
25069
29990
3133
2338
28329
356
14194
25082
30203
21024
15464
27608
4959
14644
30883
21762
10134
4532
8953
24768
29013
17870
18924
15459
7738
27636
3127
9606
26627
16190
16295
17812
4610
30473
31276
26250
23244
16869
12592
25854
13874
26542
25383
865
25458
22264
32616
641
13230
8624
59
9041
5276
11521
27443
30189
13184
6261
11198
6617
19543
8285
31738
21385
31061
32626
20426
6951
5778
5052
30250
2192
3585
19123
25791
16544
8097
6309
25010
18351
31223
32599
32703
23899
14011
26607
8329
17800
4050
21521
28977
8870
24700
10825
5414
17715
18127
8617
29503
5248
31076
4275
22791
29879
9552
9081
26712
19997
26709
15618
811
6549
15194
2032
10670
5734
24857
31328
32407
3389
11544
20754
26040
17526
14042
17866
28884
2455
19798
1269
3762
29725
16040
9872
12399
17788
18439
11846
22808
2657
16887
22232
19321
24890
23743
11458
18991
2552
286
15388
7685
8979
10554
21950
22141
14287
17881
12199
30892
959
979
25760
4171
3975
1480
5916
22284
2789
26126
15203
26154
2035
5357
19695
9796
31654
26383
29462
29035
10139
26674
22762
7034
20755
17952
15454
21669
26940
26593
30890
6741
2738
1327
4080
10804
28741
21034
30751
11139
18685
4941
12056
692
3419
11681
23055
821
14818
1840
29748
29578
4822
19389
20627
6046
21828
27058
29497
13659
31042
23386
1433
18296
27000
4176
27182
21138
21471
2872
13153
4223
30665
1964
428
26079
5410
15481
3328
22003
24821
3596
23908
26803
9009
17703
30432
14106
25006
7641
31897
4549
15467
17068
3901
30140
24346
2080
27297
17296
11230
31832
1705
27814
851
7956
16233
2770
19919
21983
18569
5671
10727
28810
28654
11534
25653
20952
29590
8854
7257
4219
28356
18187
15166
9279
8798
7882
7839
29574
7315
31571
7625
21748
960
10912
19362
22891
2197
12470
6634
29242
17268
16249
16833
18321
281
24772
5481
21305
17024
1721
8014
4993
29699
30294
12867
27260
8132
16457
20239
32105
8010
15366
808
10355
4207
14614
9406
23195
4473
23218
4091
28146
2183
20880
18826
20491
31279
26621
10838
3760
13157
5164
30868
7380
19102
1230
4611
25545
15414
23522
2930
29875
9743
3023
27012
28221
26236
2736
22192
27274
8797
20463
31371
2415
30347
20501
22090
27359
22646
27360
19074
11686
27148
32663
10803
18010
17629
7066
32517
17039
125
30525
25297
19531
30762
13526
4707
442
5039
5653
7551
29986
6024
7060
22561
26904
16455
17071
28937
7413
11575
21910
20855
15748
24126
416
10804
19965
18696
10211
20945
7479
18785
7169
22579
6937
28899
17732
29520
8786
31186
21998
10547
2633
24900
3274
23366
5463
27781
13575
5840
3893
7609
22598
20157
12208
23491
22258
25246
5540
20838
23248
5872
28199
18346
22487
25249
7173
32642
3905
13776
29549
20139
18658
7637
24041
983
14009
27265
31379
22027
14021
14502
3719
25414
26393
1498
22932
611
16435
12665
9015
27712
10634
3817
5065
32
15462
27938
11767
10062
10484
14189
31859
7172
29082
4971
18409
6026
28808
8282
26933
11170
23440
15252
3027
19236
14903
28248
29846
17894
524
26829
8349
15326
19768
11844
20612
19339
24407
22206
21463
32656
27782
2478
10444
16291
22205
5632
17457
18597
21856
19289
5539
28690
15120
30881
7169
13980
19911
13247
7712
28179
25892
20131
23488
30344
17155
7562
19135
22194
23121
29309
13453
13201
30751
29211
18400
27472
756
9625
29353
22384
17512
28167
6214
31267
28910
15573
30713
6902
25074
13717
22425
5811
13860
7426
18055
26246
19475
14658
3300
8798
19197
1896
6913
662
11749
27197
3351
9429
1255
13888
5945
6195
24777
16107
28038
29853
7378
18744
31907
378
31455
1892
1641
12174
17843
499
30426
27167
28047
4596
1370
855
21250
20614
30236
16362
13315
8091
4058
17913
28477
12284
6601
29493
4522
10382
30156
24135
25187
21203
10983
1904
24759
28851
29687
31852
26746
8061
9889
29597
28831
27689
1673
8805
6154
31968
22724
21204
29855
29630
19343
31875
22687
28374
1601
25791
564
18806
30078
2538
26954
685
10158
24095
8097
27915
19885
5397
30496
2984
13252
2374
25197
16487
18137
31824
17338
12156
31202
13979
7650
31788
8096
19004
23476
17108
3209
32025
8590
29741
5382
7758
23855
30158
15326
19152
1990
11251
9458
25936
20046
20604
8236
17763
5150
15161
24754
25055
956
32612
13407
31368
8691
623
20339
1260
5925
28673
137
24715
8930
12091
24778
5691
28088
15679
21601
9931
11597
4339
28462
11495
20140
27650
4543
22075
6877
15652
21116
30684
2488
30624
1825
16867
14074
1039
626
22107
11673
11874
23082
18269
32085
13606
18740
16505
20112
24071
541
24408
26719
13203
1482
32672
23777
20545
21094
32280
20432
23218
32415
14093
2901
5942
5394
17396
22305
12946
17411
15440
17849
10753
13650
32214
27665
29816
8874
16335
14173
20782
31228
30143
21796
24412
9772
17732
24982
25409
20490
4928
20511
23658
11139
27706
16956
20784
9497
19458
16526
29570
912
2196
2605
741
20970
25663
28222
4024
9622
2823
25544
957
5349
32583
21443
5077
29117
14747
18802
32523
7313
32764
31987
16084
912
14381
27669
3221
8733
14679
30057
24678
5248
24816
10652
19734
5083
28384
18179
23919
28255
27879
4984
22203
20415
9529
2149
1159
28133
27756
1310
29094
28133
17044
31604
12921
5423
4013
19079
9326
6920
32569
15323
18119
11835
16169
22190
4253
779
9729
32137
26660
32109
1080
2582
7984
19316
9437
23345
6392
1037
16769
2369
32026
7660
27984
13513
7136
21190
15233
9018
26562
17089
9457
7692
10284
27689
28938
18444
18817
19300
9706
23800
28255
14120
17345
3913
9765
19691
20347
30800
27826
411
28832
20100
22384
10896
9848
22043
5010
4799
22642
16343
6553
28720
17862
27171
14877
19890
6234
14430
26570
15565
7907
29815
25257
25592
29260
28346
10400
15628
2651
20457
20285
6137
1426
20879
10927
13751
10323
20625
26133
3968
22344
28166
28924
7741
4354
12872
26146
13886
10976
26187
20352
19245
21811
5934
27528
12357
10911
30736
22444
10431
20165
5669
17439
23693
24606
4873
5343
1355
16682
22868
5107
26483
31947
32622
6385
27600
18923
19621
18884
27957
29285
5244
22700
3694
8483
23622
25478
11383
23428
32500
22606
16620
10752
17196
738
18625
13326
6043
10249
819
21317
27019
20915
7422
25026
18872
12419
7121
18379
21343
13962
7679
3249
2457
20310
17015
28411
7911
22827
19702
18368
23310
17296
23163
15701
4901
30477
14844
2345
26604
27188
15703
21740
15967
2014
5771
29431
9867
19127
5416
30184
9377
12797
22532
27532
4169
29572
18224
16131
32312
3838
27178
1566
26629
9849
28244
15884
1592
16425
29093
15158
4261
21864
26015
20583
22776
21243
7809
28976
29584
28311
25277
21387
25233
30115
3756
21694
30516
31040
8321
9602
23906
31623
16508
357
1410
529
6496
30061
24719
12733
5414
31230
8813
22445
20979
25597
32381
914
25416
28982
4719
5930
13176
29691
29527
28423
6496
25102
4355
2193
30290
19138
25484
18766
28754
30812
5932
19297
7301
16575
10831
21329
11750
18761
12781
21260
31803
16888
14358
7724
30536
23505
26831
13176
23106
32386
284
16302
13190
326
13406
15744
5259
27401
31711
22236
32277
32205
1196
27504
23724
4428
12195
24686
10573
222
22476
7564
607
12446
21229
23376
20712
28104
24664
9866
19969
11878
31240
15650
31880
29740
15340
10259
27412
22176
21891
14008
21038
30846
14761
16199
25278
27738
177
18587
22723
19591
12467
310
9799
2616
24615
10118
19091
14309
26291
18279
10655
21232
4162
28906
30668
20617
1622
19540
3541
29135
25503
12138
14595
9015
9676
6124
23457
27442
29089
12128
29104
11274
23882
15376
19932
15629
13551
9046
8878
7918
28040
24855
11266
20328
14835
6286
3260
36
30275
8779
13495
13533
23900
15227
25342
3266
15549
14953
6207
15132
6812
27717
3452
29488
568
37
772
19303
27243
9033
31650
23468
27262
12963
14356
6934
12610
9622
1726
16583
29276
5631
15264
11284
15841
2418
25734
6118
30243
24518
3454
7519
22474
2771
10639
18881
18470
29562
29608
19340
24003
12262
23511
31463
22334
28434
21691
16705
29784
15755
5436
9272
25929
1912
8825
30650
17495
31703
13826
31594
19878
13577
21576
26437
18770
19089
10066
11141
23483
12313
29105
26565
12320
1461
11701
23911
12656
15724
11489
24883
17756
14837
19357
4160
15793
19134
3371
19480
29669
10547
13276
16919
17135
23356
10628
532
21340
7943
19499
26692
28064
17417
29445
24154
18090
5439
16293
14323
31419
14522
3949
11826
10871
10330
8521
16039
28221
10202
17309
29046
5044
23564
7803
19125
22950
26470
28186
27413
7698
12222
16771
9157
12924
12626
4494
403
19080
779
17421
4949
14535
28675
28487
28551
28113
19012
29096
15669
28052
23251
12726
17436
12011
4845
6727
18444
6515
25232
9969
13200
5530
22589
5315
21969
25336
28157
2866
14264
10467
10146
20822
19539
30013
26191
25431
122
7569
5434
31778
28082
13918
5041
26464
13393
5299
91
12200
16611
3580
18881
31987
205
27164
10252
14161
18992
15292
25616
16859
31504
4834
3978
25065
5046
15813
4774
9861
20562
3040
12997
25631
1509
18245
30332
6274
18014
22580
2784
19206
4099
18156
3585
15623
3091
4033
25268
32407
8362
32111
29078
15216
23012
32174
31565
21548
28229
9222
24593
6073
25177
20197
108
12551
3991
8943
6973
7427
4747
20629
19715
15561
25653
22505
5208
22549
8876
16048
32700
9211
19718
27833
26772
8665
30332
8814
24434
27273
13514
15785
11671
14811
19925
16585
4023
20034
26768
20484
3580
28877
17696
6399
5453
14681
16447
22683
13775
25350
9694
29458
10924
17639
5902
21060
3860
17150
1824
32331
25730
19303
5131
9301
20033
13267
15887
32691
9774
2872
17048
22829
20159
13255
7781
4249
26180
22815
31465
25772
16237
5824
2802
27919
17165
25282
6792
31413
7965
4295
22040
21101
26372
302
3282
30131
2326
20617
29263
28108
15706
6993
9079
19730
20880
10713
29346
23180
30322
6273
16125
7105
29243
20524
23344
12494
23654
25332
18237
14007
18104
8476
16811
9211
30592
31301
29669
21355
6430
32485
15837
12603
706
5622
25844
15962
32374
15083
10782
24063
12383
22504
2881
8581
831
4146
13279
1656
15935
3813
24821
23280
10220
11749
15395
15389
23167
2326
29196
25380
11617
20944
2048
13353
22510
30349
13529
17325
12666
29413
16674
17947
12945
23485
12927
7581
7043
31675
17992
31284
25632
5117
32632
16392
22721
5386
19398
10237
2184
25608
1041
20102
26856
48
19457
9406
21095
7296
5356
30645
15010
431
18422
519
20370
19558
23421
15284
22543
23469
22452
23595
32146
932
3725
17064
25407
22643
2781
14528
11811
9603
31419
17211
25274
25839
6440
29985
15284
19253
23286
30999
24056
15154
25314
17644
3562
13901
260
11120
18921
7410
16745
16517
28188
21314
19966
17272
17775
7688
10159
913
11224
19439
31441
29416
9695
32499
4797
23419
4445
10774
12478
27262
21380
5972
18990
1522
10271
2520
29147
8313
30235
20592
28848
32617
19783
23615
20881
10015
29016
12210
25734
24982
5680
14773
32028
4920
12640
28966
28680
20979
1259
17545
5134
29328
18253
12798
18977
64
3259
7025
20684
21112
21933
11025
26320
13567
26266
23555
271
22086
19714
31575
6056
28663
13746
13627
20068
24016
30788
622
31825
5810
31717
2552
22188
15349
22875
19225
17156
13055
24134
9087
5277
32021
21925
1467
14611
16752
14749
29686
6207
15764
12918
4832
11102
4061
1767
26858
3952
4187
24979
7605
5855
11232
4051
19914
7777
30038
7606
18059
10527
24918
29510
15978
2071
24567
22285
23896
4287
18660
31192
10624
9963
19890
28603
11318
7664
26224
14933
25386
13578
27775
18517
20962
13051
22436
3645
18279
25845
20827
7271
11326
1210
4718
22085
27801
18946
16071
12012
21199
11037
13186
3796
26122
4313
31559
18137
8511
422
23767
13446
5732
2040
14308
31635
20957
22509
9254
30892
4663
30768
1707
20853
10264
29213
4463
17866
4726
19750
24876
9803
11016
22901
11635
5144
30458
3538
16124
28121
28645
31944
8251
3586
22782
9475
15411
15957
29838
8445
24463
1192
11682
31194
20463
11496
2563
8592
28032
13406
30824
22602
4815
31281
20203
271
9951
22828
3514
10654
5497
3778
14863
18845
8643
4943
25954
31987
18196
18337
13533
15731
7175
7095
32016
24506
27598
4808
17894
22362
31177
18568
19159
1592
9047
23462
19296
6962
21485
24985
16304
17413
32613
18332
17829
13934
5784
17655
23030
21648
10798
17025
12722
28822
12213
23395
18409
29593
7409
23326
29608
27588
19827
23760
6699
17846
26221
28595
20815
13607
11461
25830
1606
4303
360
10864
31886
9603
30689
22402
14628
17570
15146
19964
11765
4527
13506
5427
14741
21311
10751
20977
20275
19222
17318
32702
23245
22925
13241
20318
13728
28727
28048
20123
16099
6083
9259
15685
27828
3364
711
13174
26963
14832
21423
32026
4238
3078
2389
20143
24956
28788
23969
14154
14446
30104
31625
29659
25891
22661
26338
1969
28987
423
5750
15937
10990
13483
29782
31267
18430
30617
14450
30045
13546
30019
20838
22244
25701
24291
20375
16736
13062
4352
1663
16176
13121
32657
22597
12206
30102
11621
24465
6580
8456
12994
27550
1887
28625
5965
657
20242
25684
809
24073
28094
19027
2915
5623
22113
22626
7566
28080
23245
1436
20138
30528
4523
26516
4427
257
23999
11407
5879
365
31342
1520
24783
30001
12669
5875
17265
25474
7707
15262
25118
31924
8482
15349
25880
1801
27290
16238
28494
3527
15487
5284
5947
1677
19139
8527
26380
24806
23703
3700
10241
13343
4839
1241
32021
32598
30755
3516
4321
12244
15685
27588
23230
24989
18448
56
16170
3652
30357
4207
3949
7684
15356
32648
11388
3853
31361
20571
20765
10012
16061
942
18252
25422
16423
9901
3293
6710
19162
9620
11108
1069
30361
13999
18258
7657
20240
29060
10848
6482
20828
26191
19761
20624
25294
18862
9266
28521
9452
2206
13254
18122
19129
22694
12192
32419
21303
6226
10607
6648
19753
5091
4801
310
2077
581
5665
1731
22186
20033
2947
6616
17911
32756
3043
7059
28284
23168
26664
2632
16909
513
1870
30489
31508
15811
28612
31174
4382
10930
19
5830
22169
29201
6849
19350
9179
22639
18805
13649
13159
14551
7003
1409
4972
16456
17098
14644
20623
32100
13861
18003
15850
6252
22527
13104
32341
18284
27266
19550
13028
21171
21009
27845
29361
15750
27436
3061
28635
26390
30612
1723
28110
14255
26288
22002
27845
11825
32048
10140
11918
25028
8176
3634
30861
19400
17951
14904
14084
28171
22176
29203
26002
10559
29872
15391
24825
22443
32714
28413
1572
32
19143
7210
17000
13615
20042
2262
30986
29849
23131
10483
25089
6919
2898
20620
17918
16379
1527
3928
15274
3591
16103
27279
18990
27453
20794
26876
5369
1510
10338
9556
29885
6519
342
23238
8635
32704
1777
8147
21313
25191
3476
17248
30833
8341
12819
9
28227
15599
24527
31161
22222
26568
543
14711
30147
31124
25845
7043
13882
29088
2238
25506
15793
19713
28041
27574
12369
18891
6508
8337
2676
27267
24099
16651
13157
19926
8699
4946
11622
11914
12271
1154
1784
8118
21264
26230
29014
22830
16682
16349
8259
10306
6308
25232
22277
22696
30120
15395
18098
10678
25220
5305
8618
9172
10064
12317
2149
25138
15569
1295
13167
9398
26270
32476
32432
15929
14465
32050
14833
13042
2848
1585
25244
6962
9181
24261
10947
7762
5114
32052
29028
6634
4865
2547
4076
18756
22627
25278
8441
273
14431
21479
9316
21338
2085
31727
9343
12217
3388
3411
16539
21448
31777
25256
16590
8154
18993
6378
5875
9193
22216
9234
28913
30928
12203
4582
16449
14778
29859
28437
23210
12763
7787
643
6223
4702
11468
21218
4844
17566
7
10882
27229
11416
24947
3434
12896
28577
32615
21927
28059
4948
24666
27108
14817
2255
4425
16955
4529
30751
4954
12107
18175
24568
19646
6027
6967
23977
219
7901
6272
12624
5035
27751
4158
21066
7263
670
25306
10222
2889
23971
29893
14971
26360
19411
29882
28750
25765
13466
22340
11097
24526
16775
11137
23248
29984
7590
11557
21797
17562
16138
14273
3639
7920
28329
32582
32199
8749
621
12741
18987
2461
32135
26232
2886
13546
2823
32262
14775
10885
1705
22531
7761
6471
2034
438
21963
7513
9084
16928
15545
19537
22159
10041
22459
19613
20720
30845
3061
31781
4350
12967
15295
27180
1530
28861
7069
10359
11431
26188
21361
14258
23059
20213
16367
4879
10420
30504
26706
7984
15286
16944
31821
71
19604
20848
28229
7036
14054
12524
32189
18319
30330
11531
17938
28862
19365
13723
9576
13289
31195
29205
4068
13556
21630
27426
8988
13421
3572
27999
3531
10350
31996
2397
8138
23749
19522
21741
5691
24147
18481
20890
30727
13746
16136
7286
5772
13595
10032
19226
1679
23942
32717
6632
9592
7954
8083
20371
32446
30888
26074
31202
9632
15067
501
26544
22294
29203
17600
1080
30727
15339
12409
30607
17340
3031
15057
12402
16021
8970
30018
15170
16634
16279
4002
2637
11925
18134
26873
4943
11710
28425
8848
26169
29495
11327
26954
8496
30234
25721
26935
26073
8207
12044
8039
13268
19906
9030
32252
19590
13205
31316
5763
1052
31378
2147
16005
9164
10659
20742
25176
16734
12037
15064
31291
12268
7674
9826
21923
28134
29886
27711
12495
13400
32445
1661
18594
2928
9987
26951
24754
2107
20212
20161
28573
6063
32061
31284
26012
31470
30986
13931
16730
22729
9594
4957
26374
2179
12623
9996
28070
31192
28395
21932
22191
24126
26744
25864
25555
30571
1126
24354
32539
12055
19994
2073
26933
23555
14052
27472
8719
22586
25394
17357
16293
19607
22532
17375
10007
21895
7328
4
23550
25872
9351
265
23040
1555
5543
16755
11426
25806
16082
6686
14686
16548
21103
25124
28662
11041
14704
17920
21767
14393
4740
6644
6881
976
12685
11176
15510
12416
13140
22291
20305
17302
31099
25246
32233
605
8884
26247
25270
13472
21297
17284
13220
28778
24924
27818
29829
21264
15047
2188
9132
19313
5478
11687
5303
22909
16636
15870
28076
26356
11475
9729
31304
7536
30128
691
18835
23974
4102
29452
18872
15337
25194
6300
22036
9712
25671
2930
27533
5592
5331
17724
30501
30316
24129
18352
29390
7333
14649
554
17537
31341
9349
14998
5002
28328
17677
32144
2086
22133
16901
22986
10575
17329
12645
27310
19671
31934
10393
30277
19892
10626
17786
8792
31899
20914
17278
1237
32464
4176
28971
4979
3900
8306
6610
13977
21952
10054
14201
893
18633
24403
281
24969
19748
2305
10506
7938
2068
17500
24507
14571
6050
14357
28326
23079
9525
10697
32643
21983
1634
27526
25532
8483
24581
17036
28706
4052
32657
11088
16606
22721
24228
7879
31146
9488
1247
15584
22081
12000
15348
83
7955
13100
18944
24473
22078
15090
9756
32571
12474
32661
23342
22864
12243
28289
3334
32321
28381
4109
21414
21200
31011
21925
24800
28505
15392
4904
9255
1111
27122
10127
24735
26665
24587
6352
26998
12823
26154
9985
30839
1680
22921
6849
21212
30901
6232
21204
12388
9500
16747
21773
6310
27085
7216
26225
10917
24465
15587
28313
676
30829
14597
10840
12860
26473
10
29086
32427
13717
11346
5276
22895
10318
24666
5161
18196
23742
1076
14693
10314
15522
30516
20636
6458
12368
2541
2925
23322
12792
21595
20011
31743
9770
15458
27779
12531
7576
16503
6495
5704
25630
23198
3595
18988
255
3988
11414
5501
3186
32333
8572
5854
32349
929
18561
9226
23136
17986
22752
21864
23829
16113
7333
28640
3734
4337
14168
8430
24128
18108
16347
16628
11191
18166
12693
4053
24874
5535
30929
8127
729
13708
7776
25160
22484
15896
22150
3005
4101
30999
30484
16566
2928
7435
6353
16878
9914
30619
26654
2642
12520
7232
26842
4952
28266
27458
12676
13202
19800
1251
24991
19331
12027
31961
22363
13489
27279
25090
26737
9979
27975
28244
8783
2093
7058
29459
21877
22994
22429
21830
28703
14666
20761
11883
27684
9756
574
25962
21534
653
32272
21448
9163
625
29665
19229
1971
31809
3095
3784
16395
20590
559
5601
10970
23285
8194
10607
14682
9012
32327
13019
21665
15867
11866
20133
30080
5607
12604
30550
29612
3563
24538
23734
20507
12848
10386
15166
32433
27423
17907
18384
29468
26300
21188
934
29949
11317
24392
3209
32584
3514
27585
15683
12013
27792
27699
12886
1208
865
14698
1774
32373
10967
4926
24085
19289
19561
6166
3110
8093
30580
21931
29828
27500
19597
22287
28555
30975
13078
21485
19655
13831
3343
25874
17764
11339
23855
25132
29414
28050
4915
19666
7707
30403
29303
27845
31309
20043
18115
374
8379
25023
23399
11464
24651
26306
26762
31510
13689
17194
27327
11384
32403
16478
6361
9026
16424
3586
27649
7118
3518
22487
28165
4476
27331
29404
16883
29942
14278
26042
6887
6073
32743
20574
5409
28881
14988
30440
9562
7907
21846
29636
4696
19313
6740
21782
11457
21338
18038
10588
14637
22688
25668
16207
16510
8558
16079
7433
14964
26714
232
29293
18044
487
21649
2756
26313
31566
5809
420
29094
5758
29452
16150
11531
18273
31857
32503
18542
5729
5429
26527
10459
3115
15329
29633
15175
2738
4136
13202
16674
14199
9244
10542
19243
23305
28065
17463
22152
22983
27681
16575
16406
10733
22145
28008
510
27343
25940
7369
28553
351
3407
17940
25397
24053
15869
6390
4872
20304
30900
2239
32548
1752
21448
4803
11932
12837
15870
17408
11910
19909
5700
16897
1873
5434
27551
23298
7257
13379
31076
24916
10681
7517
13227
22019
21600
10632
30721
9911
104
25934
13917
728
24995
12034
9814
3061
31350
2630
23698
25959
31978
19663
21634
26417
16896
2157
16972
30763
19269
22085
16649
21344
679
26465
12593
15540
11399
32364
23379
26826
16399
14006
11018
7204
6598
15487
5676
17804
15457
23153
1092
6067
5085
110
19011
26137
28362
10124
3698
18732
8682
14174
10411
19892
2554
20598
21193
13166
24528
8231
15709
32503
4774
8592
23715
25324
7350
28629
436
17488
1543
3504
5116
24110
2438
17961
32495
18559
4184
2721
10232
26189
30575
29205
178
32537
21339
15777
2395
1915
9827
1603
22406
23816
15573
30690
29967
31096
9114
15759
11092
24841
27917
778
3746
20510
14350
12168
24046
27692
11601
15795
2758
31702
26364
21747
32135
27223
30322
2028
27087
6689
31849
23624
18229
19139
1859
32694
16952
5648
11163
20018
14710
18558
2846
3464
6943
6348
15772
531
13992
744
20574
16587
22212
18959
20411
25215
14224
26166
3814
31838
11533
24745
8714
444
3540
25586
16025
29459
13829
764
30177
32328
13953
31608
32224
29744
1113
30592
31833
14163
15494
4730
2087
2032
20442
9536
21714
20801
11062
7550
15456
23551
12286
25691
7021
2601
4298
6235
13182
2
26206
7811
1939
24153
4317
20159
26363
29196
14649
16258
6764
31951
1774
29868
26451
31530
24048
30128
23913
3009
14561
3830
8839
23512
29576
17022
12475
15638
6527
11207
15003
18569
3371
23279
10713
13035
6897
27419
27672
13860
19623
22553
510
13327
4425
22340
1163
30337
3310
14248
5289
12424
9466
3431
26884
9456
7316
11356
28187
5644
21851
13821
11416
25267
2132
16006
27100
29832
2855
19796
14047
25470
30092
15502
24887
29340
15104
15371
31350
18942
3260
31600
27065
4637
6119
16281
15230
21584
29707
26427
9142
17554
21958
8903
26140
22661
22978
25489
6340
20407
31718
17969
29943
4388
3790
31785
10814
509
18297
30921
26557
14760
12610
25936
4034
14088
7698
8276
18846
31486
26323
19556
26036
11312
4136
12779
18383
10249
10075
30807
19385
9473
27543
31355
22537
18974
5975
14898
4924
24506
24094
14150
28423
32136
29289
11664
32236
22994
10209
32352
18188
7684
1494
18719
3132
25710
24041
30514
13914
17222
15112
16162
23522
2284
15520
25338
5564
3442
12813
11761
5720
15708
2646
30025
14077
16804
27671
8311
28510
26882
2494
31876
27503
13930
1530
24243
13174
14549
31857
23140
6757
4164
690
3640
26215
17410
13674
19574
26553
20010
9690
8878
29115
106
15240
1180
27207
9734
24117
7758
25409
1824
31760
4489
29295
12598
16425
8810
15243
10476
3368
5961
24727
26892
4159
20450
19569
21195
93
22455
2983
29518
23973
30640
10124
17004
17694
2821
14220
16054
11436
7005
7356
2740
6975
2104
7093
28530
12618
15754
18595
26683
5495
15784
31129
7077
6553
616
13096
26062
11233
31108
17199
22500
26710
8256
32244
20715
24191
589
20852
5050
24418
8172
8952
32327
26547
32599
10985
17957
31301
27996
17125
24139
32452
12619
23058
27159
30886
14354
947
24979
10847
31399
21497
19190
30932
9126
32539
11630
8979
14396
28329
8476
8769
18499
16669
8288
17875
27054
26547
32344
24578
808
22138
9891
5752
10744
31403
2667
11088
5928
27450
24226
21053
30694
1964
3979
26121
7466
31016
3453
4674
20121
18896
22244
17712
17578
1618
25480
32265
3591
7609
21778
19304
25654
29578
4300
3580
13176
22540
9896
21373
23025
23271
10628
24037
25098
11248
23724
10972
15380
32324
23200
3956
15150
8596
6424
15382
22888
17855
28230
15549
1832
7334
31579
18785
2509
20028
8268
31415
11667
29404
23766
14103
20150
2016
17088
27581
32219
4719
23904
26165
17323
25750
12896
25105
18369
14490
16322
7901
24262
5773
6946
4693
17370
14368
5691
2773
310
24248
3245
22032
19472
20420
16126
16389
22463
27469
24286
32303
25632
4302
12463
23292
2872
17991
26180
13697
4635
21901
5865
10604
16652
21476
30884
29498
1765
18383
16059
25770
27578
24871
16758
32113
5817
30571
21286
31791
27476
16983
26214
31650
419
184
27041
28697
32259
382
31701
6444
3076
17171
24214
15275
130
7403
18773
14292
26385
10077
482
20425
32415
21937
24112
12865
26964
30330
4953
7549
5053
3622
30177
11902
5930
16339
3903
12405
6996
14436
11417
123
31555
20436
19152
22914
12655
21707
956
7307
20262
13935
24761
26906
813
125
13922
6631
29610
23960
28060
31191
28481
5089
24023
17706
14718
12231
7312
19190
30323
20769
26138
17108
31138
20090
927
10969
31773
8875
21090
16840
32235
22704
20550
29061
22190
27060
20884
15821
14723
16750
17401
2853
12330
23728
8910
21008
20839
13885
156
4741
13991
30172
18912
7072
29927
5546
9483
31640
7378
29108
5069
11249
1577
30149
14739
19955
27240
23933
27471
2906
4775
15011
27767
28495
7358
13756
32080
19351
7084
15581
7788
32267
5946
5309
11633
10824
11995
14
16157
15271
25559
28942
23175
17264
20136
31065
31144
1866
17316
27649
29465
21494
10973
26080
12574
26685
3910
12333
23012
3111
10519
12622
19719
10350
26482
24557
6743
29234
15686
27726
21980
32494
13684
5088
27928
21675
4656
21266
24971
19060
31658
26983
3197
19721
494
25549
20471
23512
30217
8491
22803
21032
24174
1337
22389
20632
2712
19860
19994
23240
2544
15634
24913
32086
2544
4434
17926
4108
24457
30360
13894
26711
16322
28120
3840
4091
27555
22801
31497
21510
21329
8669
20323
16386
29818
11845
31935
22895
30707
6105
14912
12145
21152
22785
19842
4805
28053
25742
5083
2553
6522
23444
12513
21981
20788
21884
1580
6709
4034
28245
22621
32432
15716
3947
17758
23582
30723
9755
28652
18909
15053
15589
1107
8084
10528
10947
31353
16164
169
19641
14622
15068
30413
32174
32354
11245
1351
16506
12680
19741
27155
20544
505
11711
24203
2814
30604
4322
18897
27234
22532
19657
29292
32480
1499
16027
29494
8449
15422
9820
30581
19710
19544
32540
584
23693
16339
10094
17733
4859
1180
28188
19040
12155
1511
22297
29966
31166
22132
11447
7851
31939
20496
12570
21017
25585
19550
1005
27307
11875
23255
4179
6721
11395
6160
5921
6836
31706
2619
10570
3700
29990
9969
9883
21615
16557
26159
5288
21301
1234
1694
25094
32602
25318
26391
27066
8476
13888
6502
19186
7494
18832
4686
26867
17749
30320
6862
10067
29400
25404
26275
13928
29213
21284
29710
1024
9
15487
6359
9298
24392
6498
24722
18229
18599
9842
8225
3472
15037
1014
25210
21266
27857
27953
4779
16419
26872
31214
1819
14362
4478
7772
21010
30640
5511
23836
31611
30644
6390
24473
2025
26625
5006
26776
28889
22190
11095
21776
29239
22404
3652
7995
20771
16309
3858
6125
32756
18890
2419
18981
17277
13790
20844
15585
15760
14858
12796
1847
193
22304
16126
27298
4460
26012
32336
26522
30714
28375
11317
103
18527
9854
7928
7734
17127
6211
3539
19565
29235
24018
16142
15932
27262
28935
24939
21108
3622
28254
5314
2461
31591
23467
26089
8771
1897
18187
16854
20368
27261
21018
9224
15904
419
32102
1059
23312
18769
18468
18138
4440
30063
30754
13841
29019
19110
7677
17475
30397
7386
10644
7970
24693
5877
8892
21886
20259
12263
23094
5224
7587
28907
9950
16279
10210
28939
804
26891
29680
10726
7872
27631
29015
2481
14498
11972
17068
26236
21800
20668
17763
14006
9364
18020
19431
13044
11709
10630
15851
17646
4357
16462
4858
26570
30602
32683
23382
23966
673
3320
19199
24112
20352
732
31506
8960
25402
32111
21844
29832
4849
12702
24079
7362
15430
5072
20509
25323
25109
20938
16194
29831
352
9167
13503
24485
12936
14604
31267
612
27331
17204
1637
5046
29130
25960
16688
10596
24530
2649
4222
24402
14270
26032
25704
1029
29075
9390
13628
28258
2348
4623
10193
24760
25903
12597
19479
7425
10815
5250
10738
3685
20083
29446
4169
11264
263
16730
23130
30949
14930
20939
8016
17763
2040
16315
23
5511
26977
10821
1903
20705
20586
544
20543
8075
6746
28358
26156
6248
5399
3797
5227
9386
25754
6069
5843
15511
23712
6267
24887
24972
8866
25613
28914
31042
11272
26247
23747
28240
27802
27102
5852
14833
18743
3524
5429
15112
8905
30411
21542
32353
3448
30924
26421
23610
2078
16522
3117
3842
18427
16531
29808
10080
27819
25959
14477
375
12372
21724
10773
8041
26660
15553
30635
3353
26875
29890
22363
12598
9316
30603
11053
12149
4554
30513
21497
16413
14313
4301
9852
8393
27266
25450
13996
617
4179
3617
27977
6283
1350
22914
7093
11737
27881
4150
517
25058
2334
19171
31576
29725
26900
13136
17511
16426
1141
714
4190
20316
5857
16326
24555
9077
20380
32455
20116
7856
10627
10882
19021
11525
32581
5952
26954
4776
12239
25989
21010
979
26376
30703
27093
27077
24255
96
15615
30987
11233
26720
22029
31998
27632
6332
30367
31885
26288
25715
26319
7228
30756
6867
20162
24941
22200
1248
20092
15070
2496
20981
18425
29300
9249
14254
3961
27703
5966
18692
30235
22173
12919
18618
25261
12299
8701
31481
27843
17817
808
14903
11782
3862
24604
21341
15823
3148
10249
27944
2805
1924
30627
32463
2019
24909
17874
6631
23789
18810
18602
2948
5348
2410
9885
6306
30695
17292
18415
22979
2173
19489
23659
31193
22241
32580
26965
23653
7837
14376
29599
28385
25178
19874
6751
10588
31223
14311
13697
612
18136
17302
19641
23080
641
30201
31420
8414
23395
1672
4272
15459
21493
4526
3553
28961
6151
26832
16309
21046
15444
9100
7650
31955
7254
22078
14046
8929
19038
4553
16536
10475
17891
4244
8549
23352
27674
13522
1341
32311
22216
15367
21287
15905
7509
19399
5874
16857
11297
15297
13094
25879
9755
16637
28474
24005
1167
24162
13831
20649
26943
15995
6269
6469
22198
23163
26773
18683
17113
4734
134
8565
14271
6929
2620
3652
30402
25589
23302
25031
20950
23584
14223
22863
12058
14085
5135
11392
27309
5909
9410
11259
2755
16774
21146
13114
31224
16211
26673
29114
15332
3972
2817
20320
20463
20143
21719
28694
13926
30655
8581
6837
19407
8692
25815
1831
28282
24619
7369
22477
8793
9568
13303
16926
10001
21105
26709
10897
13393
20772
2592
14269
20579
24684
10005
8383
29953
30184
30176
15069
30313
22701
5591
2665
24756
22853
30440
23271
16227
19191
32208
8818
827
8777
14478
13403
31315
23748
14104
1812
3691
5623
23628
4428
15743
28095
15145
604
156
9157
21567
23010
5363
3143
18276
8875
23340
16924
19881
21719
16636
14834
3981
9015
26874
6875
11120
14330
1198
8
74
9353
5355
2003
4252
2223
1119
21507
4519
13565
20585
24396
31453
19565
13354
19478
10645
10565
2527
4224
27906
2366
22126
9123
3686
17638
13118
4123
10627
5699
2636
4036
26962
12985
22652
5313
31992
15405
27181
25539
22774
19819
17935
9095
6304
9669
14905
1441
5072
14333
16246
27769
31963
8294
9952
12947
6852
17989
17841
30483
29616
11389
4949
4992
31642
13676
28100
7880
6984
24080
30734
8580
9086
13422
18231
24446
113
3380
20806
23152
16766
15517
21145
29199
18716
22165
7547
17736
14608
14878
2041
14538
28384
27634
27633
18116
9353
1129
28011
31728
2420
13470
31532
17872
26535
9933
15753
30264
10553
15872
26490
8204
21000
30955
7663
12619
16814
31764
26983
28236
20912
1847
26046
12872
9209
23016
9286
6425
13703
19322
29722
30273
2405
6688
1199
15662
32729
13650
5804
16061
11742
1906
12028
24572
18644
688
33
11828
31351
29995
32203
29735
12558
26712
20137
13462
16356
4008
4223
11782
25596
2661
8825
19396
257
31965
27071
10279
10876
17603
17481
1045
19786
19666
7669
22472
3404
17331
23510
24786
11104
14881
4559
20831
1936
27723
13921
1211
5002
14970
18626
23828
18768
5363
7471
11904
31281
24351
17282
23362
2552
3561
15367
1353
27235
1384
28300
30969
27351
31166
6071
13614
12369
22336
8349
13438
27040
30167
5263
23487
5074
7077
10551
12745
25324
4844
3301
17533
8926
22316
28451
24327
9397
7564
30607
30047
3091
15483
7914
26902
4316
13975
7788
2895
2355
27854
26970
12
20389
15299
25819
26283
22947
2163
21000
27568
4662
24
7746
10180
19694
3918
3528
28670
25884
21620
29832
31586
23872
4437
28982
423
4805
24583
24220
14142
23020
12052
28465
19087
5639
18648
9964
18054
8679
27178
10074
32334
7319
11327
495
26204
28235
17866
1178
32432
6547
26472
13467
12887
11476
14140
27545
20533
26617
12246
19183
257
27238
26202
31048
24209
32045
31710
24171
4184
19845
15891
20824
4397
11128
15144
27795
589
8411
19691
31936
12196
29827
24370
15728
10568
28086
30073
22587
5703
27616
13260
23055
9378
9863
28392
4807
15001
10625
1949
4863
19753
24933
5494
15399
32724
19519
9372
5847
29088
8840
2808
25442
23394
3157
6296
6318
25404
14030
10068
17731
18789
24034
19889
1697
21032
7737
14597
2775
4400
9066
29404
20561
31234
1647
5531
6130
22987
28758
13411
15715
7772
21816
31288
27050
3699
23407
17507
21502
22332
17156
15380
1241
4887
24935
13132
20304
11676
1379
18682
29856
18652
22352
6245
9737
2026
2443
30665
22751
25243
27939
2629
8414
26249
16085
10484
1214
2398
16443
26459
263
28751
28992
14083
11559
20710
32215
28262
14017
20229
13293
14096
10057
31784
5531
9982
10190
23530
23457
2378
14102
4555
31760
6666
1520
7216
2374
14709
28102
16555
32031
23111
13682
3453
17514
12135
6226
5209
7834
23751
17311
17003
9662
12172
15866
31129
4788
8560
27976
20233
4505
11108
11968
4835
14979
11129
13634
1368
627
25088
8683
23779
14469
18928
2790
462
25450
20617
25733
8953
4888
12343
144
2007
31424
29369
6109
17337
26369
24194
4640
11855
25691
21344
5
17771
10726
23131
31612
23561
7236
27872
25172
14989
31956
14111
7948
5195
6440
22961
29670
30284
3770
28286
31804
4943
30426
21726
22551
4367
3819
2302
13822
15044
12495
2694
12044
15596
12192
5752
10566
20043
27809
14427
13355
27185
14452
30362
5004
32763
21645
7719
27805
15324
10470
29027
18765
19678
500
15938
26067
19491
27355
8106
31881
10609
30686
28189
1022
16622
5401
9112
4934
32295
11634
14011
24725
12375
15821
12585
3597
29671
10367
1330
14547
21809
23813
26288
32360
4233
10231
11054
27703
4990
16183
30032
3434
9053
24174
12143
2818
19703
1977
6531
4647
420
15519
28230
29884
1416
17223
25494
14391
4885
19431
2587
1712
22481
2688
20523
13879
11866
6345
11242
23147
14759
13416
12470
5193
17808
11624
5058
5185
4241
6376
25600
655
25291
7184
31045
16840
5707
25418
24232
16307
29839
6574
15403
18523
3398
29885
925
3938
27224
10323
25790
25496
17702
22231
19621
16588
8467
20917
29791
13283
28483
15886
17113
17703
8099
29102
1535
23777
17193
7230
18214
22057
9053
4282
16039
13309
29464
17190
10957
11409
31883
20093
3570
32486
28804
5867
6116
18078
15085
23611
16014
16911
149
20627
18900
16022
10804
1887
22206
7981
8361
20619
5593
12608
7813
21493
18650
17341
15053
290
17285
13419
4348
10032
29645
26492
10824
18699
13629
23909
3110
484
29590
23277
4112
3551
24762
22404
26758
19212
16840
9687
30547
18073
6025
2721
22801
10822
9739
13764
18927
7704
8075
20888
18354
29266
30360
7299
5370
9633
7030
16586
455
7063
10433
24230
7483
5978
17234
31899
13474
20126
12647
20997
17327
10448
27901
8180
14856
32404
13697
3129
14854
28018
25768
12993
13493
5068
2716
24866
1827
18708
5464
12404
31959
9788
1877
29026
23455
29293
358
7808
23695
18427
9184
18656
13894
1433
2815
13024
7283
24521
27269
3397
22680
9879
3236
2702
24590
4999
14366
15490
2890
13260
16811
28684
21086
17082
19611
31560
12994
2174
32444
12766
8789
4365
11134
29583
13215
20314
14933
2317
20313
204
19551
17168
10031
25839
25927
4006
17860
7530
7017
31178
24567
18993
4919
18233
19301
13819
18907
10369
15918
9975
29470
12123
15357
10170
28296
32570
21570
23676
6088
27684
5570
14469
30295
31681
23378
10210
4185
31922
21983
348
25796
10275
30642
21675
20675
420
9458
26854
25693
26932
19819
32574
27218
