6718
25063
15040
32173
30123
4046
11712
30414
15142
14085
12899
22084
16349
32207
9332
23814
1025
23150
31932
19969
30420
5862
21950
12290
16644
16899
10404
26325
2359
12701
22136
26543
26343
31259
20887
3273
30576
32566
31587
19534
18791
512
2617
22135
4654
20516
2979
24308
25029
30831
22222
5519
18659
10383
830
4620
9542
6171
14272
14163
2119
9428
26016
20945
27569
1067
17437
29979
10451
11779
8218
23764
26068
25783
21526
21714
27975
32351
31838
27772
9215
21327
15233
31094
4389
30177
8965
11649
11399
6005
5208
17308
26419
16053
11785
2159
8773
13086
6456
16874
2045
16828
19276
14890
31509
16180
4068
29084
4177
27400
28431
15460
18007
6167
17343
20224
28609
15971
5755
32296
881
23063
4181
13817
18212
15305
6684
27731
2122
11772
31698
4736
22294
5097
4192
18966
30673
25983
24969
24862
32371
11432
16413
22901
18548
26574
11375
32627
18656
30110
8968
21451
23210
28171
8605
19634
3394
3222
30783
12868
8041
4045
15058
6691
7237
12818
26304
18017
20144
8094
4335
27552
32470
3526
12272
8823
11775
22396
22137
2072
17577
17176
29205
21040
26330
21849
25114
23055
25268
21926
31451
25353
27978
26522
18720
8220
8626
24000
10707
15571
30300
10651
2556
28009
7329
3306
25328
18994
32415
28713
18116
31287
20293
603
4360
28960
24746
1543
4018
17496
13475
28545
14425
23403
31636
14442
15780
32691
30086
3194
6401
3891
27002
13181
23706
22211
9981
23708
24965
22382
17917
11998
9786
31512
6363
17135
29003
31843
1217
27167
3151
1492
13366
26285
11039
19506
22512
31046
21318
10287
27113
26569
22450
29515
9909
24909
15536
11252
12562
25445
6167
9458
5057
1187
16834
17410
5524
18522
26692
5057
5065
24488
24024
11468
22166
31668
12695
14886
5125
5429
26862
7386
5378
19764
27982
29409
12466
19218
549
1349
4615
15308
22286
24967
31634
22142
2628
8767
32152
2598
12125
11010
21095
14507
11829
23432
21738
8990
3624
32270
17788
27455
388
29946
20730
20035
17725
27582
3612
31956
10467
3838
25861
13402
21202
4085
5400
32121
5289
30485
19726
13274
25597
2541
2373
15151
19278
18512
11355
1393
26425
17588
1532
20076
17392
23512
15352
12414
12008
4010
18841
30364
20689
2407
2355
20373
9163
1796
31740
18075
6615
14285
17438
9471
1931
19532
1291
8508
9995
15724
7697
32567
18228
3806
29486
1477
31514
4284
14373
28014
23989
25708
29137
11377
15831
18632
8634
17415
18017
29051
20454
29420
30391
28078
26354
28956
32625
25061
5729
6362
22356
6435
12083
8439
7296
12629
11961
19537
5610
26349
27561
12954
26893
17358
6510
1627
22493
13672
5569
31800
6909
20004
13437
14197
11313
13826
32175
24505
5398
3712
4589
17426
5649
19903
10474
12090
14725
21729
24135
20761
10057
17845
16555
24970
19545
23446
22293
24674
10955
19344
4209
5807
26117
28613
20842
15677
24366
16911
5248
27743
30178
27111
20570
14571
16682
24966
6237
8839
21675
30281
11133
14115
26141
10330
25939
4039
26367
11661
17776
2703
26249
7048
242
26100
20451
32039
21077
8524
22676
22303
31627
18068
13117
24545
11854
366
23175
28353
20149
10086
2138
26199
17413
5497
11600
7717
19402
1752
31849
3963
807
18665
24320
18840
6763
28815
25853
28946
26340
29867
1357
20088
18168
20963
17039
12341
3185
7074
2064
9143
24857
7775
21242
18897
22919
30499
31688
19038
10808
17477
13309
11048
13026
21368
3094
3592
21508
28937
5565
6734
17090
15457
30271
5474
20208
9681
32064
28332
20333
31119
5038
17074
10418
7163
5875
6528
8618
23335
29807
25677
31429
31127
6437
32347
31560
22085
2484
13599
26855
21992
13962
7074
7573
29046
24660
11559
12187
3560
8376
782
24551
317
27463
8696
17063
26817
6829
8748
22039
13455
24107
14138
31639
3157
6984
23262
1793
29015
6083
7974
22585
16823
32715
27607
13062
243
7282
11022
18720
2479
20064
10531
10890
3253
8388
11218
4129
314
2193
1181
13430
27235
9190
8812
11993
5639
3533
26231
1206
14519
6697
16485
25893
2811
3562
21941
17084
19423
10115
14430
16295
19630
2974
28850
8187
27134
27150
24200
13896
5612
28421
13722
32366
22441
21639
6444
23217
25654
10270
6895
9999
13419
6352
8484
5840
15422
24910
30724
4192
10050
8814
4704
31578
15982
16859
15749
13541
23328
8459
19554
7747
2913
16498
32237
31143
19307
8950
8898
2375
30825
1442
17933
9395
24701
16286
23979
14437
5127
24159
17804
25497
23589
21019
2652
10335
31350
16000
18274
25070
5668
17317
7080
30011
31265
21313
31324
28618
2224
26139
23158
2244
2088
9665
2459
14411
11508
24189
9793
22794
1247
19845
1301
2064
10127
8050
1433
14046
20558
13043
6674
9150
17681
29635
1697
11351
11954
25048
7088
11903
18049
6366
28559
27472
31995
27619
23391
8318
32217
26964
16176
19431
13645
23336
20838
19820
14984
5979
32097
23296
17279
13470
5469
31486
1519
30541
23446
30912
10654
2721
9904
1901
12261
23079
9559
1810
29803
8048
1315
8181
11059
30730
190
10278
32729
6064
6472
1878
14872
27326
32506
3308
2960
15592
27914
27734
27334
14378
31951
21405
8045
20482
13350
20541
25572
27870
21268
30259
16383
27600
9389
32087
266
18057
22324
18668
29451
30597
8067
3446
16200
28291
11181
2251
5129
10552
10467
109
31135
17476
24724
31255
30885
6245
12504
25238
30086
14315
25615
5850
25920
24684
11205
845
16231
13496
17114
19812
20844
21263
31455
15219
22303
7058
14530
20165
31859
15096
9390
17388
11393
19842
4397
27990
20944
11825
23952
7201
27604
17974
22416
2864
7604
28842
24629
127
6737
18047
22519
6323
4483
26295
5668
28918
677
3795
28545
8961
6229
6031
4148
18298
29045
10700
11489
29313
31605
16334
20244
24198
16853
18087
16607
14685
22245
29683
23492
18324
14800
9158
16084
20996
24024
21219
12313
4518
14051
2351
11570
3496
28471
18533
28477
8128
10882
21258
26106
4801
31261
24484
28204
3948
26257
3111
18243
19336
12891
9648
3129
12085
14828
6261
13242
25725
5364
7164
23431
1324
23776
28556
25372
23265
15521
15074
6545
25958
11696
26404
702
6973
1615
1051
30626
6267
15633
3484
9734
12250
1436
9543
13149
