284
546
1065
1077
1813
2122
2643
2879
3255
3406
3945
4432
4953
5445
5661
5953
6272
6367
6796
6994
7285
7346
7435
7546
8025
8300
8360
8830
8844
8942
9143
9687
9900
9932
10241
10527
10712
11192
11688
11842
11922
12020
12428
13080
13190
13308
13546
13977
14709
15498
15702
15886
15890
15956
16363
16676
16868
16947
17310
17785
18723
19206
19330
19545
19572
20215
20305
20351
20598
21230
21353
21507
21754
22997
23486
24050
24079
24328
24464
24646
24728
25313
26469
27109
27249
27289
27291
27557
28144
28397
28830
29508
29609
29816
29859
30213
30674
31313
31444
32193
