6
11
36
39
68
114
131
142
147
217
247
351
366
463
471
520
525
557
562
598
600
628
635
668
712
717
750
768
768
861
865
899
944
1013
1022
1090
1151
1201
1209
1231
1250
1314
1404
1475
1486
1510
1521
1540
1617
1701
1723
1777
1789
1823
1854
1879
1921
1991
2017
2038
2105
2130
2180
2243
2299
2469
2487
2531
2581
2627
2652
2666
2689
2689
2741
2747
2758
2811
2905
2906
2916
2953
3022
3024
3033
3044
3063
3065
3067
3086
3086
3169
3230
3280
3305
3325
3337
3372
3373
3383
3429
3511
3515
3524
3528
3528
3556
3584
3641
3646
3685
3686
3689
3700
3767
3774
3836
3945
3999
4011
4012
4144
4163
4174
4179
4301
4302
4328
4348
4372
4382
4386
4418
4470
4474
4542
4558
4580
4655
4668
4669
4674
4683
4683
4727
4733
4766
4775
4824
4978
5040
5043
5048
5051
5067
5125
5196
5271
5318
5350
5386
5418
5420
5481
5498
5500
5501
5509
5516
5555
5593
5618
5653
5655
5738
5738
5748
5761
5782
5804
5831
5837
5842
5851
5962
5969
6032
6059
6068
6070
6075
6080
6085
6098
6123
6136
6207
6215
6255
6280
6327
6395
6511
6548
6554
6580
6600
6625
6625
6641
6673
6678
6727
6730
6755
6795
6814
6855
6893
6933
6945
6965
6970
6988
7012
7026
7033
7036
7126
7181
7246
7264
7274
7320
7405
7414
7429
7481
7493
7522
7525
7531
7538
7546
7569
7585
7588
7660
7682
7703
7724
7729
7773
7784
7953
7999
8040
8136
8195
8204
8238
8260
8276
8283
8288
8348
8389
8393
8427
8436
8438
8467
8496
8568
8658
8684
8697
8885
8910
8922
8938
9002
9010
9099
9100
9109
9134
9135
9137
9163
9196
9199
9230
9256
9261
9262
9285
9291
9299
9330
9352
9382
9413
9416
9418
9481
9549
9668
9795
9851
9855
9870
9908
9934
9974
10047
10087
10115
10134
10142
10156
10233
10277
10286
10330
10446
10550
10591
10633
10675
10701
10740
10740
10777
10860
10863
10875
10886
10886
10945
10955
10973
10982
11004
11027
11090
11093
11192
11239
11293
11303
11350
11380
11456
11505
11564
11571
11621
11668
11695
11722
11737
11783
11808
11872
11893
11912
11948
11964
11993
12018
12072
12086
12124
12201
12219
12238
12254
12272
12316
12344
12354
12376
12407
12438
12447
12471
12475
12586
12603
12653
12742
12746
12748
12748
12794
12811
12821
12834
12858
12880
12908
12974
13027
13037
13094
13150
13188
13193
13237
13253
13323
13350
13361
13376
13391
13427
13432
13463
13481
13513
13535
13551
13551
13601
13609
13615
13627
13629
13685
13787
13885
13894
13974
14044
14154
14193
14193
14253
14363
14370
14433
14456
14477
14501
14509
14515
14529
14533
14549
14561
14567
14572
14587
14716
14722
14744
14764
14812
14834
14865
14880
14889
14912
14940
15001
15122
15145
15203
15207
15209
15305
15348
15351
15352
15390
15413
15435
15507
15531
15549
15676
15692
15701
15711
15755
15775
15789
15824
15883
15918
15965
16025
16050
16050
16081
16117
16124
16132
16146
16180
16219
16288
16310
16347
16376
16384
16416
16425
16447
16488
16530
16572
16603
16618
16620
16727
16741
16777
16797
16797
16820
16833
16851
16853
16861
16903
16965
17029
17047
17048
17107
17128
17139
17141
17151
17166
17230
17290
17295
17298
17310
17385
17409
17441
17455
17539
17553
17585
17592
17603
17613
17670
17845
17881
17902
17953
18008
18013
18023
18033
18056
18244
18354
18357
18385
18386
18413
18462
18486
18489
18498
18514
18605
18611
18633
18658
18720
18743
18767
18820
18842
18847
18861
18944
18950
19008
19084
19172
19176
19205
19247
19255
19295
19311
19312
19355
19390
19405
19430
19483
19486
19516
19556
19570
19647
19673
19683
19686
19697
19704
19720
19730
19733
19736
19738
19751
19835
19857
19869
19916
19955
19987
20019
20020
20030
20042
20070
20107
20119
20235
20353
20438
20463
20530
20546
20555
20574
20576
20634
20659
20715
20717
20729
20785
20866
20894
20907
20914
20967
20975
20990
21030
21067
21176
21177
21260
21301
21325
21342
21344
21437
21446
21558
21565
21651
21663
21707
21739
21748
21822
21823
21824
21825
21886
21911
21916
21918
21929
21946
21980
21995
22037
22065
22077
22082
22171
22190
22240
22277
22318
22365
22400
22416
22497
22559
22654
22793
22863
22900
22902
22908
22946
22948
23011
23051
23068
23078
23097
23120
23149
23157
23158
23168
23216
23223
23244
23333
23375
23383
23503
23545
23555
23679
23731
23793
23802
23802
23850
23876
23918
23920
23922
23952
23998
24002
24049
24053
24063
24092
24092
24169
24234
24249
24278
24316
24342
24352
24398
24521
24613
24625
24638
24647
24693
24743
24751
24778
24855
24885
24938
25020
25058
25070
25091
25101
25144
25213
25226
25297
25305
25359
25379
25388
25458
25523
25538
25611
25687
25711
25764
25774
25818
25879
25898
25917
25951
25955
25972
25992
25992
26017
26040
26066
26085
26085
26173
26190
26199
26325
26348
26382
26438
26441
26476
26498
26576
26585
26686
26748
26789
26864
26887
26911
26924
26974
26980
26980
27018
27050
27062
27079
27109
27166
27171
27241
27292
27301
27314
27321
27351
27390
27429
27451
27464
27471
27476
27506
27594
27610
27737
27759
27889
27890
27906
27910
27949
27961
27967
27978
27983
28055
28155
28171
28202
28205
28251
28273
28352
28353
28362
28379
28392
28419
28447
28485
28537
28544
28550
28560
28609
28688
28707
28807
28813
28859
28892
28986
29011
29024
29049
29139
29168
29340
29341
29348
29369
29371
29378
29378
29382
29382
29449
29599
29613
29638
29647
29706
29711
29805
29878
29906
29916
30008
30035
30055
30075
30084
30086
30096
30167
30192
30196
30256
30352
30473
30532
30573
30643
30665
30700
30702
30710
30744
30749
30764
30773
30835
30839
30882
30907
30921
30953
30996
31005
31025
31096
31139
31166
31176
31188
31193
31207
31208
31214
31267
31285
31298
31326
31380
31408
31413
31523
31523
31544
31595
31629
31660
31741
31761
31765
31774
31839
31903
32002
32072
32096
32135
32157
32188
32189
32196
32207
32207
32217
32247
32310
32315
32317
32363
32380
32380
32409
32434
32445
32494
32497
32506
32507
32532
32540
32562
32580
32635
32642
32657
32659
32679
32696
32726
