1
5
8
13
17
26
26
36
36
43
48
54
61
67
70
75
75
75
80
83
84
84
86
90
91
92
95
96
98
100
113
114
120
121
122
128
138
139
140
141
142
143
144
146
146
151
152
159
165
165
171
172
175
176
188
194
194
199
202
203
204
214
216
219
229
231
231
235
242
249
261
264
271
271
273
275
278
283
284
285
285
286
289
289
290
291
294
296
299
302
302
308
309
309
309
311
319
319
320
322
329
335
343
350
354
354
355
359
361
373
384
385
386
388
395
401
405
406
406
408
411
420
422
426
428
430
430
430
432
435
439
440
442
444
451
457
459
467
472
477
481
483
500
506
511
512
512
513
515
522
522
523
523
525
538
544
546
547
547
549
554
559
561
569
571
573
581
598
602
602
603
604
606
607
613
618
620
620
627
630
630
635
640
644
644
645
648
656
656
658
663
663
665
670
674
674
676
679
680
681
685
687
687
688
689
692
701
703
705
705
710
712
714
715
717
717
721
721
721
726
726
728
729
732
733
733
738
741
743
745
750
757
761
762
763
763
766
769
769
770
771
772
773
775
780
784
784
786
790
791
798
801
801
802
803
803
804
807
810
811
819
819
822
823
833
840
855
860
861
864
864
865
869
872
873
873
876
879
880
885
888
888
889
892
892
898
898
900
902
904
905
908
911
917
927
929
930
934
935
936
939
940
940
941
943
943
965
966
966
966
969
973
975
978
979
981
984
985
993
998
1001
1001
1002
1005
1007
1011
1022
1029
1032
1033
1034
1037
1038
1039
1041
1044
1045
1045
1047
1049
1050
1056
1057
1059
1061
1061
1062
1066
1066
1066
1068
1072
1072
1072
1079
1081
1084
1086
1086
1087
1090
1095
1103
1110
1110
1121
1124
1126
1127
1132
1135
1148
1149
1157
1171
1180
1182
1182
1196
1196
1197
1198
1200
1208
1208
1213
1218
1219
1219
1220
1220
1224
1224
1227
1231
1231
1235
1238
1241
1247
1248
1250
1253
1256
1258
1264
1277
1277
1279
1286
1287
1288
1293
1308
1314
1315
1319
1328
1331
1335
1336
1352
1357
1357
1362
1365
1367
1371
1371
1375
1375
1379
1380
1385
1386
1386
1388
1390
1395
1397
1399
1402
1405
1407
1415
1416
1418
1418
1420
1422
1424
1425
1426
1429
1429
1430
1430
1431
1433
1464
1467
1470
1471
1473
1479
1480
1488
1489
1496
1496
1498
1501
1502
1505
1506
1506
1509
1511
1512
1512
1519
1519
1519
1520
1527
1528
1529
1535
1535
1538
1544
1545
1546
1547
1547
1563
1563
1567
1568
1573
1573
1574
1574
1574
1577
1585
1589
1593
1599
1599
1602
1603
1605
1620
1620
1624
1629
1631
1637
1639
1640
1640
1641
1643
1654
1658
1660
1660
1661
1662
1663
1664
1666
1672
1674
1675
1677
1678
1679
1680
1682
1686
1686
1688
1703
1706
1708
1710
1711
1715
1718
1724
1726
1728
1729
1730
1734
1735
1738
1738
1753
1754
1755
1760
1774
1774
1776
1783
1793
1795
1795
1798
1801
1801
1804
1808
1814
1819
1820
1824
1826
1834
1835
1838
1846
1847
1848
1849
1851
1854
1855
1860
1862
1864
1870
1870
1873
1878
1884
1886
1887
1890
1898
1900
1908
1908
1911
1913
1915
1920
1926
1926
1933
1938
1939
1942
1958
1959
1959
1962
1966
1967
1968
1972
1974
1979
1980
1982
1984
1988
1991
1996
2004
2005
2009
2011
2013
2014
2016
2016
2020
2030
2038
2047
2052
2060
2061
2065
2066
2068
2074
2075
2077
2099
2105
2115
2115
2117
2117
2120
2129
2133
2138
2142
2145
2145
2145
2148
2148
2150
2150
2151
2158
2170
2172
2173
2174
2179
2191
2194
2195
2199
2208
2209
2210
2221
2222
2223
2243
2249
2250
2251
2263
2264
2278
2286
2294
2298
2299
2301
2308
2310
2311
2311
2311
2313
2316
2317
2322
2326
2327
2329
2335
2338
2343
2343
2350
2358
2358
2358
2366
2367
2370
2375
2380
2382
2384
2385
2385
2386
2389
2394
2394
2394
2397
2399
2401
2405
2410
2413
2424
2427
2432
2432
2442
2447
2448
2452
2452
2452
2455
2459
2460
2463
2471
2474
2476
2482
2483
2486
2490
2494
2497
2498
2519
2521
2521
2524
2529
2536
2536
2543
2547
2551
2552
2553
2556
2557
2558
2560
2562
2572
2574
2574
2575
2579
2582
2583
2583
2584
2595
2595
2599
2601
2601
2601
2602
2605
2609
2610
2610
2611
2614
2615
2618
2621
2624
2627
2630
2633
2635
2640
2640
2643
2646
2647
2657
2659
2660
2664
2668
2675
2679
2681
2684
2687
2691
2691
2694
2701
2701
2710
2714
2718
2733
2736
2737
2746
2748
2753
2754
2758
2758
2759
2762
2766
2767
2770
2773
2778
2784
2785
2785
2787
2788
2796
2798
2798
2799
2804
2807
2814
2815
2816
2819
2821
2825
2830
2830
2833
2847
2849
2849
2849
2851
2853
2855
2858
2859
2859
2861
2863
2866
2871
2873
2873
2877
2878
2879
2882
2884
2884
2884
2885
2886
2890
2893
2894
2900
2901
2903
2914
2915
2915
2916
2918
2918
2924
2929
2929
2936
2940
2941
2945
2946
2947
2949
2951
2955
2956
2957
2958
2964
2970
2976
2983
2987
2994
2995
2996
2996
2997
2998
3008
3010
3010
3012
3012
3015
3016
3020
3022
3022
3026
3030
3032
3036
3038
3039
3041
3042
3050
3052
3053
3054
3059
3059
3059
3067
3068
3068
3069
3074
3076
3076
3076
3079
3088
3090
3092
3096
3096
3097
3098
3100
3101
3104
3105
3106
3106
3107
3107
3113
3113
3115
3116
3127
3137
3139
3143
3145
3147
3149
3151
3153
3159
3164
3165
3172
3176
3184
3192
3192
3193
3198
3199
3203
3204
3211
3213
3216
3217
3217
3221
3221
3223
3224
3226
3226
3234
3236
3245
3246
3248
3248
3250
3258
3259
3260
3270
3273
3277
3279
3282
3283
3285
3286
3290
3291
3292
3297
3297
3305
3310
3314
3317
3318
3321
3327
3330
3335
3337
3343
3350
3360
3361
3361
3363
3364
3366
3372
3374
3378
3378
3379
3381
3383
3386
3386
3387
3388
3392
3399
3400
3401
3404
3408
3409
3409
3409
3412
3413
3417
3419
3423
3423
3431
3431
3441
3448
3450
3457
3457
3459
3459
3460
3463
3463
3464
3473
3474
3475
3479
3482
3482
3482
3487
3487
3494
3494
3495
3496
3497
3502
3506
3508
3509
3515
3516
3518
3519
3526
3527
3528
3555
3558
3560
3560
3561
3567
3574
3579
3581
3588
3590
3600
3603
3604
3610
3611
3613
3616
3619
3621
3626
3627
3636
3638
3646
3647
3652
3655
3659
3662
3680
3681
3683
3687
3688
3693
3698
3705
3708
3719
3736
3739
3741
3746
3753
3757
3768
3773
3774
3777
3793
3794
3805
3806
3807
3809
3812
3816
3838
3839
3843
3852
3857
3862
3863
3871
3874
3875
3876
3878
3880
3883
3883
3884
3884
3886
3888
3888
3889
3895
3900
3906
3911
3911
3914
3923
3926
3926
3929
3930
3932
3935
3935
3940
3942
3943
3944
3950
3952
3959
3961
3965
3965
3965
3973
3980
3983
3986
3986
3987
3987
3989
3994
4001
4003
4003
4007
4017
4021
4023
4029
4033
4034
4034
4036
4036
4037
4043
4045
4047
4053
4053
4068
4077
4078
4078
4079
4082
4084
4087
4088
4088
4090
4092
4096
4096
4097
4099
4099
4100
4103
4104
4105
4118
4118
4119
4122
4125
4127
4129
4132
4133
4134
4155
4164
4172
4178
4181
4185
4191
4192
4193
4195
4202
4204
4209
4210
4212
4216
4218
4223
4232
4233
4237
4253
4258
4261
4262
4267
4273
4276
4280
4287
4289
4289
4298
4302
4310
4311
4312
4313
4314
4320
4320
4323
4324
4327
4333
4339
4341
4341
4344
4344
4346
4351
4353
4354
4361
4369
4370
4370
4372
4377
4382
4389
4391
4401
4410
4413
4418
4420
4422
4426
4429
4432
4435
4444
4444
4454
4469
4474
4479
4481
4486
4492
4493
4497
4502
4506
4509
4510
4512
4517
4519
4520
4521
4530
4537
4538
4539
4540
4551
4553
4553
4554
4556
4558
4562
4562
4562
4581
4582
4590
4590
4597
4599
4599
4601
4604
4605
4607
4610
4616
4616
4618
4618
4623
4629
4646
4650
4651
4651
4651
4661
4672
4674
4679
4682
4684
4684
4690
4692
4696
4698
4699
4703
4705
4728
4729
4730
4730
4731
4734
4737
4739
4740
4748
4748
4751
4753
4760
4762
4764
4766
4769
4779
4780
4791
4794
4795
4799
4809
4814
4817
4817
4818
4818
4825
4826
4829
4831
4834
4838
4841
4842
4842
4860
4866
4876
4876
4877
4880
4882
4888
4890
4892
4894
4898
4902
4909
4914
4915
4920
4921
4922
4925
4930
4930
4931
4932
4940
4943
4944
4952
4952
4955
4957
4958
4959
4960
4963
4968
4974
4978
4982
4995
4998
5000
5002
5007
5008
5013
5015
5019
5020
5023
5028
5031
5035
5037
5042
5043
5045
5051
5053
5053
5055
5056
5056
5061
5062
5064
5065
5074
5075
5079
5079
5083
5100
5103
5103
5111
5118
5121
5127
5130
5130
5134
5135
5136
5142
5142
5147
5161
5165
5167
5175
5176
5182
5184
5186
5189
5190
5191
5196
5197
5198
5201
5203
5206
5209
5223
5231
5233
5239
5243
5247
5250
5254
5263
5264
5264
5264
5268
5270
5274
5282
5291
5296
5306
5308
5310
5317
5322
5324
5342
5354
5358
5364
5365
5367
5369
5370
5381
5385
5387
5387
5393
5395
5396
5398
5405
5407
5407
5407
5416
5421
5424
5426
5427
5430
5435
5443
5443
5452
5453
5456
5457
5459
5464
5465
5469
5469
5470
5470
5474
5474
5475
5476
5479
5483
5484
5487
5493
5495
5495
5496
5497
5497
5498
5510
5514
5516
5517
5524
5528
5531
5532
5533
5534
5534
5534
5538
5539
5540
5541
5551
5555
5558
5563
5563
5567
5571
5573
5575
5576
5578
5582
5582
5583
5585
5589
5589
5590
5591
5592
5592
5593
5593
5594
5599
5600
5604
5604
5604
5605
5609
5610
5611
5617
5621
5624
5628
5629
5629
5630
5636
5637
5638
5642
5649
5650
5650
5667
5669
5670
5675
5679
5682
5687
5689
5690
5692
5692
5692
5695
5695
5698
5702
5704
5708
5709
5718
5721
5722
5723
5733
5734
5735
5735
5738
5744
5750
5751
5755
5756
5756
5757
5758
5763
5763
5763
5764
5764
5765
5775
5782
5786
5788
5788
5789
5790
5791
5793
5794
5794
5795
5800
5800
5801
5809
5810
5811
5813
5814
5814
5820
5820
5822
5822
5831
5835
5837
5841
5845
5845
5850
5854
5854
5856
5857
5858
5861
5870
5872
5873
5873
5876
5881
5885
5894
5896
5901
5903
5904
5913
5919
5921
5922
5928
5928
5929
5932
5934
5936
5941
5943
5946
5946
5949
5950
5974
5975
5990
5995
5997
6007
6016
6018
6022
6025
6025
6035
6039
6041
6047
6051
6055
6060
6072
6072
6081
6081
6083
6092
6093
6094
6098
6109
6116
6117
6123
6125
6134
6134
6134
6138
6148
6158
6164
6169
6173
6174
6180
6187
6187
6203
6210
6211
6233
6233
6234
6235
6240
6241
6243
6243
6244
6245
6247
6250
6253
6257
6258
6260
6266
6269
6271
6277
6278
6280
6285
6285
6290
6290
6293
6302
6318
6323
6325
6331
6332
6334
6334
6334
6339
6343
6348
6349
6349
6351
6352
6358
6359
6361
6362
6363
6366
6376
6382
6388
6394
6400
6402
6406
6410
6412
6414
6415
6415
6417
6419
6421
6426
6428
6430
6431
6435
6435
6446
6447
6452
6454
6457
6464
6470
6474
6475
6477
6478
6480
6482
6487
6488
6490
6504
6505
6508
6509
6509
6510
6512
6512
6514
6519
6520
6524
6525
6529
6529
6538
6541
6546
6548
6553
6554
6558
6560
6563
6566
6567
6576
6577
6579
6581
6582
6584
6585
6586
6589
6606
6608
6608
6612
6613
6614
6617
6617
6617
6617
6619
6625
6625
6626
6632
6634
6639
6641
6642
6646
6651
6655
6656
6656
6658
6666
6666
6669
6671
6673
6673
6675
6676
6684
6685
6692
6693
6694
6696
6699
6714
6716
6719
6719
6723
6724
6726
6729
6731
6734
6736
6739
6740
6742
6744
6751
6752
6758
6762
6765
6779
6783
6785
6786
6787
6788
6792
6797
6800
6800
6804
6805
6815
6820
6824
6824
6837
6842
6846
6849
6856
6860
6861
6862
6863
6867
6867
6869
6873
6873
6875
6875
6877
6880
6881
6881
6885
6888
6896
6900
6902
6902
6911
6917
6918
6920
6920
6921
6921
6925
6926
6927
6927
6928
6936
6937
6937
6938
6944
6946
6954
6957
6958
6960
6961
6969
6970
6971
6972
6973
6973
6978
6984
6985
6987
6999
7011
7021
7027
7029
7030
7033
7042
7047
7049
7054
7055
7055
7058
7060
7060
7063
7074
7075
7090
7092
7095
7105
7106
7107
7111
7123
7125
7125
7125
7143
7145
7159
7160
7162
7165
7168
7173
7194
7194
7197
7202
7203
7210
7212
7225
7235
7237
7237
7238
7244
7247
7248
7251
7251
7262
7267
7269
7274
7276
7278
7278
7285
7289
7289
7290
7291
7291
7291
7299
7301
7303
7304
7306
7311
7315
7316
7321
7322
7322
7323
7325
7330
7332
7335
7337
7338
7340
7345
7351
7354
7357
7361
7363
7364
7365
7366
7368
7370
7377
7378
7380
7386
7391
7394
7396
7397
7400
7400
7402
7403
7403
7408
7412
7421
7426
7427
7429
7430
7431
7436
7438
7445
7447
7453
7455
7456
7467
7467
7468
7471
7473
7490
7490
7491
7498
7500
7502
7503
7507
7510
7513
7523
7525
7536
7541
7550
7554
7557
7562
7563
7567
7569
7572
7575
7581
7591
7602
7607
7607
7613
7617
7619
7620
7620
7620
7620
7622
7638
7642
7646
7651
7655
7659
7659
7661
7661
7663
7671
7678
7684
7685
7689
7695
7696
7708
7718
7718
7719
7723
7723
7725
7732
7740
7743
7746
7748
7749
7749
7753
7753
7758
7760
7764
7767
7771
7781
7781
7782
7783
7785
7788
7792
7793
7794
7799
7801
7808
7814
7819
7823
7823
7826
7829
7830
7831
7832
7847
7852
7854
7857
7858
7858
7858
7859
7860
7861
7862
7862
7864
7865
7865
7866
7867
7867
7869
7870
7870
7871
7880
7882
7886
7887
7887
7894
7896
7908
7909
7918
7918
7926
7927
7931
7935
7936
7939
7944
7948
7952
7960
7963
7964
7966
7972
7974
7978
7982
7983
7990
7990
7994
8004
8008
8012
8012
8016
8017
8021
8022
8025
8027
8029
8029
8032
8034
8034
8035
8036
8037
8038
8040
8044
8045
8047
8052
8054
8057
8057
8059
8060
8061
8071
8075
8075
8076
8080
8081
8085
8088
8089
8101
8103
8103
8109
8115
8116
8118
8119
8123
8123
8129
8129
8129
8131
8138
8139
8140
8142
8143
8144
8150
8156
8169
8169
8170
8172
8178
8180
8181
8183
8184
8185
8186
8189
8198
8201
8202
8205
8207
8208
8210
8211
8212
8212
8214
8229
8240
8245
8246
8252
8252
8259
8261
8265
8265
8267
8277
8283
8288
8293
8294
8298
8318
8321
8323
8327
8327
8329
8329
8335
8340
8341
8344
8345
8345
8352
8358
8359
8359
8359
8361
8363
8364
8364
8365
8378
8380
8381
8381
8388
8393
8398
8401
8403
8404
8405
8406
8414
8415
8419
8419
8428
8429
8429
8430
8438
8440
8442
8447
8448
8453
8453
8458
8468
8469
8474
8478
8480
8486
8488
8489
8494
8506
8511
8512
8513
8515
8517
8525
8527
8530
8531
8547
8548
8549
8562
8567
8569
8578
8584
8591
8592
8594
8594
8595
8599
8603
8606
8609
8611
8618
8619
8627
8644
8649
8655
8658
8664
8670
8674
8676
8677
8680
8683
8684
8692
8696
8697
8700
8703
8705
8706
8707
8714
8718
8720
8722
8722
8733
8735
8737
8741
8742
8747
8749
8750
8755
8757
8768
8769
8771
8777
8777
8778
8779
8780
8783
8789
8800
8800
8823
8824
8827
8827
8842
8842
8844
8844
8845
8850
8850
8852
8853
8854
8855
8863
8873
8874
8876
8879
8880
8880
8894
8898
8902
8904
8906
8909
8914
8916
8917
8921
8927
8933
8941
8943
8954
8955
8958
8958
8963
8969
8970
8971
8980
8981
8987
8991
8992
8994
8996
8998
8998
9001
9005
9006
9007
9009
9012
9023
9028
9037
9039
9047
9047
9056
9062
9071
9081
9083
9085
9089
9093
9095
9097
9105
9108
9109
9113
9113
9114
9116
9121
9122
9125
9126
9126
9130
9130
9136
9137
9144
9151
9154
9156
9160
9164
9175
9178
9183
9188
9192
9192
9195
9196
9197
9199
9199
9200
9201
9201
9213
9213
9214
9217
9218
9223
9224
9225
9228
9228
9230
9230
9230
9236
9236
9241
9247
9255
9255
9257
9264
9269
9269
9280
9284
9287
9299
9300
9300
9303
9306
9306
9308
9309
9310
9312
9321
9323
9326
9332
9333
9337
9341
9355
9357
9362
9367
9368
9373
9373
9377
9377
9381
9382
9383
9385
9389
9392
9392
9393
9393
9401
9402
9405
9406
9414
9417
9417
9421
9422
9425
9426
9433
9438
9443
9444
9449
9449
9451
9454
9465
9470
9475
9477
9485
9492
9492
9500
9503
9505
9506
9512
9515
9516
9522
9523
9527
9530
9534
9540
9542
9546
9552
9554
9557
9561
9564
9565
9568
9569
9574
9575
9578
9579
9587
9590
9604
9605
9607
9611
9611
9617
9623
9627
9630
9631
9637
9641
9651
9654
9655
9661
9663
9664
9671
9673
9675
9677
9683
9686
9692
9693
9695
9700
9701
9703
9704
9708
9710
9719
9722
9722
9734
9736
9740
9740
9742
9745
9746
9748
9754
9754
9756
9758
9762
9765
9765
9766
9766
9771
9775
9783
9783
9783
9785
9790
9795
9801
9803
9803
9804
9805
9808
9812
9816
9816
9825
9836
9837
9846
9850
9851
9862
9867
9870
9872
9873
9879
9880
9881
9881
9882
9885
9885
9887
9890
9894
9894
9897
9897
9898
9900
9909
9921
9922
9925
9926
9937
9943
9948
9951
9959
9959
9964
9965
9970
9975
9975
9978
9980
9981
9982
9988
9995
9996
9997
9999
10003
10004
10005
10006
10008
10009
10015
10021
10022
10022
10025
10026
10027
10027
10030
10031
10037
10045
10049
10051
10055
10071
10074
10081
10084
10088
10089
10096
10105
10110
10111
10112
10118
10118
10119
10121
10121
10125
10128
10130
10134
10143
10145
10145
10146
10147
10150
10153
10154
10155
10156
10160
10164
10167
10168
10170
10173
10177
10181
10182
10185
10186
10186
10192
10193
10194
10195
10196
10196
10196
10201
10202
10202
10202
10208
10208
10212
10213
10215
10217
10217
10218
10218
10218
10219
10223
10230
10234
10239
10239
10239
10249
10252
10253
10254
10259
10259
10260
10261
10263
10266
10268
10273
10278
10280
10280
10281
10286
10289
10289
10294
10298
10298
10298
10300
10305
10309
10311
10311
10313
10318
10322
10325
10327
10336
10340
10342
10342
10347
10349
10350
10354
10361
10364
10368
10370
10372
10374
10375
10375
10376
10390
10393
10393
10396
10401
10401
10403
10406
10408
10408
10409
10411
10411
10423
10424
10428
10431
10431
10441
10443
10449
10453
10461
10462
10463
10468
10469
10472
10483
10487
10490
10491
10495
10497
10504
10511
10512
10514
10516
10517
10526
10528
10529
10536
10536
10546
10551
10552
10552
10553
10553
10554
10560
10566
10566
10572
10572
10575
10575
10581
10589
10596
10596
10598
10599
10600
10604
10606
10606
10606
10610
10612
10619
10620
10628
10629
10632
10635
10637
10640
10642
10642
10647
10649
10653
10654
10663
10664
10669
10672
10674
10682
10684
10684
10685
10687
10692
10695
10698
10699
10705
10705
10713
10714
10718
10725
10731
10732
10736
10739
10742
10744
10745
10747
10751
10761
10766
10776
10777
10777
10778
10782
10784
10784
10786
10788
10789
10792
10793
10795
10795
10796
10797
10801
10803
10804
10807
10808
10811
10814
10825
10831
10832
10838
10839
10840
10841
10854
10855
10858
10859
10861
10865
10866
10872
10874
10874
10875
10877
10877
10879
10883
10884
10899
10920
10920
10926
10932
10947
10950
10951
10953
10956
10960
10960
10961
10963
10966
10966
10976
10980
10989
10993
10998
11004
11005
11007
11007
11009
11020
11025
11026
11033
11035
11037
11057
11064
11064
11069
11077
11079
11085
11090
11106
11106
11110
11112
11113
11121
11124
11127
11130
11133
11138
11141
11142
11146
11153
11156
11158
11158
11161
11169
11170
11173
11181
11182
11183
11184
11192
11201
11206
11206
11206
11207
11210
11212
11212
11215
11223
11228
11231
11238
11245
11247
11248
11250
11251
11261
11262
11266
11285
11285
11285
11287
11294
11297
11298
11303
11306
11311
11314
11331
11334
11339
11342
11351
11351
11353
11353
11363
11364
11364
11365
11365
11380
11383
11394
11397
11400
11401
11403
11411
11411
11412
11425
11433
11436
11445
11449
11450
11451
11452
11455
11455
11459
11464
11468
11473
11476
11477
11480
11480
11488
11490
11490
11494
11495
11497
11498
11498
11499
11499
11501
11506
11514
11514
11515
11516
11517
11525
11532
11532
11536
11537
11546
11552
11562
11563
11569
11569
11569
11569
11570
11571
11574
11584
11586
11588
11597
11598
11603
11611
11611
11613
11613
11616
11616
11617
11633
11635
11637
11641
11642
11649
11649
11651
11652
11654
11655
11659
11660
11660
11661
11665
11666
11666
11668
11669
11671
11676
11677
11683
11684
11685
11686
11687
11690
11691
11692
11692
11692
11696
11699
11700
11702
11703
11705
11712
11718
11719
11719
11723
11729
11730
11735
11735
11738
11739
11739
11740
11744
11747
11749
11751
11754
11761
11766
11767
11776
11778
11779
11780
11782
11790
11790
11790
11791
11799
11799
11804
11805
11808
11809
11809
11809
11814
11816
11817
11818
11821
11832
11834
11843
11856
11859
11859
11873
11878
11884
11887
11888
11892
11895
11897
11898
11899
11900
11901
11904
11907
11908
11910
11918
11929
11931
11932
11935
11941
11942
11943
11944
11950
11958
11961
11962
11962
11964
11965
11967
11974
11975
11978
11979
11983
11986
11988
11989
11989
11989
12003
12009
12012
12015
12015
12026
12027
12028
12028
12032
12034
12039
12045
12045
12047
12047
12050
12050
12053
12058
12059
12069
12069
12072
12077
12079
12080
12080
12088
12095
12095
12096
12099
12108
12108
12109
12113
12114
12119
12120
12125
12127
12134
12136
12137
12137
12141
12142
12143
12148
12150
12155
12158
12159
12171
12172
12177
12181
12182
12182
12182
12182
12184
12188
12189
12190
12190
12194
12197
12207
12209
12211
12215
12224
12225
12229
12231
12235
12236
12240
12242
12248
12249
12251
12258
12259
12260
12263
12269
12272
12275
12275
12275
12281
12285
12288
12289
12302
12303
12309
12310
12324
12328
12338
12339
12339
12341
12344
12347
12356
12358
12360
12361
12362
12369
12369
12374
12376
12383
12386
12388
12389
12390
12395
12397
12400
12404
12404
12407
12408
12411
12413
12415
12419
12422
12423
12423
12423
12424
12428
12429
12432
12437
12441
12446
12464
12465
12466
12471
12477
12477
12481
12486
12487
12488
12491
12491
12496
12501
12507
12509
12512
12513
12514
12516
12523
12526
12532
12533
12535
12537
12543
12546
12546
12548
12551
12554
12557
12557
12563
12566
12567
12572
12577
12578
12581
12582
12587
12588
12589
12590
12591
12596
12601
12625
12627
12627
12638
12639
12644
12653
12653
12654
12655
12657
12663
12665
12691
12691
12692
12693
12694
12694
12694
12695
12695
12696
12696
12703
12709
12711
12712
12713
12715
12720
12724
12729
12732
12732
12735
12749
12750
12754
12754
12756
12757
12765
12768
12769
12786
12796
12796
12798
12803
12806
12809
12812
12812
12823
12826
12827
12829
12829
12830
12831
12831
12835
12839
12843
12843
12851
12855
12861
12863
12863
12864
12869
12870
12877
12877
12880
12881
12884
12890
12892
12893
12895
12897
12901
12905
12920
12929
12931
12936
12937
12944
12944
12944
12944
12947
12947
12965
12967
12972
12983
12987
12994
12996
13003
13004
13004
13005
13006
13008
13011
13018
13020
13023
13024
13025
13033
13033
13036
13037
13038
13041
13045
13046
13046
13062
13062
13063
13067
13068
13068
13068
13073
13075
13078
13079
13088
13093
13101
13101
13102
13105
13105
13108
13109
13110
13111
13111
13114
13115
13118
13120
13122
13123
13126
13133
13134
13136
13136
13139
13141
13145
13147
13150
13152
13154
13156
13157
13163
13174
13176
13181
13190
13191
13193
13194
13196
13196
13200
13201
13202
13204
13205
13208
13209
13212
13217
13218
13218
13219
13223
13225
13228
13230
13233
13236
13241
13247
13252
13252
13253
13253
13257
13258
13264
13266
13269
13272
13272
13275
13283
13285
13286
13287
13290
13292
13295
13298
13302
13305
13306
13307
13308
13308
13311
13312
13313
13319
13327
13327
13330
13331
13333
13336
13337
13338
13338
13338
13341
13347
13348
13352
13358
13358
13362
13364
13365
13374
13377
13379
13386
13386
13387
13388
13389
13389
13394
13400
13406
13407
13416
13416
13418
13420
13422
13424
13425
13426
13427
13432
13433
13434
13435
13441
13442
13449
13451
13460
13463
13464
13471
13476
13481
13487
13488
13489
13490
13494
13497
13499
13504
13514
13514
13514
13515
13523
13524
13527
13533
13533
13535
13536
13536
13536
13541
13542
13549
13549
13549
13550
13554
13557
13558
13564
13569
13572
13579
13587
13588
13600
13602
13604
13604
13605
13607
13609
13610
13615
13617
13618
13619
13624
13630
13632
13640
13641
13642
13642
13656
13657
13664
13668
13670
13670
13674
13676
13683
13683
13684
13685
13685
13686
13687
13687
13688
13689
13691
13701
13703
13704
13706
13707
13708
13712
13716
13720
13721
13722
13725
13728
13738
13738
13743
13743
13749
13753
13757
13758
13759
13767
13768
13769
13774
13774
13774
13778
13780
13786
13789
13792
13792
13794
13795
13797
13797
13798
13800
13800
13801
13802
13805
13808
13814
13827
13828
13830
13835
13838
13843
13845
13846
13846
13851
13851
13852
13854
13856
13858
13860
13862
13863
13864
13867
13871
13871
13875
13881
13884
13890
13892
13896
13897
13898
13903
13912
13914
13922
13922
13922
13923
13923
13923
13924
13927
13931
13933
13934
13935
13937
13939
13939
13952
13954
13964
13964
13965
13973
13976
13978
13981
13986
13987
13988
13988
13989
13998
13998
14003
14008
14016
14039
14040
14042
14049
14050
14053
14063
14063
14065
14065
14068
14069
14073
14073
14075
14083
14083
14085
14086
14087
14088
14091
14094
14094
14095
14099
14101
14102
14109
14111
14115
14115
14120
14120
14127
14127
14130
14133
14136
14139
14146
14148
14148
14150
14151
14154
14156
14160
14164
14172
14173
14174
14174
14178
14183
14183
14183
14190
14197
14200
14201
14206
14215
14219
14219
14219
14229
14237
14247
14250
14251
14252
14255
14255
14261
14261
14277
14279
14280
14282
14287
14289
14297
14301
14305
14310
14314
14326
14328
14331
14341
14346
14347
14353
14354
14354
14358
14367
14370
14371
14374
14381
14382
14387
14388
14388
14389
14389
14396
14399
14416
14419
14422
14426
14427
14427
14430
14431
14440
14440
14441
14444
14444
14448
14450
14451
14451
14454
14457
14458
14462
14462
14464
14465
14482
14486
14487
14487
14488
14490
14495
14502
14511
14511
14512
14513
14517
14518
14523
14523
14524
14529
14535
14539
14544
14547
14549
14555
14557
14560
14562
14562
14563
14571
14571
14573
14574
14578
14581
14582
14585
14593
14594
14601
14605
14605
14607
14608
14609
14609
14613
14618
14619
14620
14622
14625
14625
14636
14636
14641
14646
14646
14647
14649
14664
14671
14674
14678
14682
14682
14690
14693
14699
14703
14709
14715
14716
14716
14719
14720
14720
14725
14725
14725
14726
14729
14729
14731
14742
14743
14744
14746
14748
14759
14760
14770
14771
14778
14778
14781
14787
14788
14796
14798
14799
14808
14813
14818
14822
14826
14830
14831
14836
14839
14840
14840
14846
14848
14849
14850
14851
14852
14855
14860
14861
14864
14865
14867
14870
14870
14875
14882
14882
14882
14883
14884
14889
14892
14892
14901
14903
14904
14911
14914
14918
14919
14919
14923
14928
14931
14931
14935
14936
14937
14937
14947
14949
14951
14953
14953
14956
14959
14964
14968
14969
14974
14980
14984
14986
14995
14997
15001
15002
15010
15012
15014
15023
15024
15025
15030
15031
15035
15038
15039
15042
15043
15051
15051
15052
15053
15055
15057
15063
15067
15069
15070
15081
15088
15089
15093
15104
15110
15125
15128
15131
15137
15141
15142
15153
15159
15164
15165
15170
15180
15185
15187
15187
15190
15191
15200
15200
15204
15206
15206
15207
15213
15214
15215
15216
15221
15223
15224
15227
15228
15232
15233
15234
15234
15235
15241
15244
15246
15247
15250
15252
15254
15274
15274
15275
15276
15277
15278
15284
15291
15294
15302
15310
15311
15312
15312
15320
15323
15330
15330
15330
15342
15343
15343
15354
15359
15367
15370
15379
15379
15379
15379
15382
15382
15390
15394
15398
15399
15400
15401
15401
15409
15411
15412
15412
15413
15414
15415
15423
15423
15423
15424
15430
15433
15434
15438
15440
15445
15447
15448
15453
15457
15458
15466
15467
15470
15470
15470
15472
15476
15478
15480
15481
15486
15488
15488
15488
15496
15498
15498
15501
15503
15505
15509
15513
15513
15515
15517
15521
15523
15524
15524
15530
15531
15531
15531
15531
15537
15542
15543
15546
15547
15548
15556
15564
15565
15566
15567
15568
15578
15586
15586
15589
15589
15593
15593
15599
15600
15603
15606
15612
15614
15614
15616
15616
15621
15622
15627
15627
15636
15638
15643
15647
15649
15656
15656
15668
15668
15677
15678
15679
15681
15682
15683
15684
15692
15692
15697
15698
15701
15705
15705
15706
15708
15708
15716
15719
15719
15723
15723
15730
15737
15738
15739
15741
15750
15751
15758
15764
15777
15780
15781
15787
15789
15790
15792
15797
15798
15807
15807
15807
15816
15817
15818
15828
15832
15845
15845
15845
15846
15849
15850
15856
15857
15865
15878
15880
15887
15892
15893
15893
15895
15900
15901
15902
15920
15922
15925
15927
15930
15931
15933
15933
15935
15935
15938
15938
15939
15945
15952
15956
15959
15961
15962
15970
15973
15974
15978
15981
15981
15986
15986
15988
15995
15997
15999
16002
16006
16009
16012
16014
16015
16020
16032
16033
16038
16041
16041
16043
16043
16047
16055
16056
16059
16069
16070
16070
16075
16077
16086
16087
16091
16098
16100
16101
16103
16106
16112
16115
16120
16120
16122
16124
16127
16128
16134
16137
16138
16140
16141
16147
16147
16151
16153
16154
16156
16162
16163
16168
16168
16176
16178
16178
16180
16184
16185
16187
16187
16201
16203
16203
16211
16218
16224
16225
16225
16231
16232
16232
16233
16234
16236
16243
16244
16245
16246
16246
16248
16251
16251
16255
16256
16261
16263
16264
16266
16268
16270
16283
16283
16287
16298
16299
16301
16302
16304
16307
16310
16312
16312
16328
16328
16329
16335
16336
16338
16349
16349
16352
16354
16363
16366
16369
16369
16372
16372
16373
16388
16389
16389
16389
16390
16391
16392
16395
16395
16401
16404
16406
16408
16411
16416
16421
16426
16426
16436
16439
16440
16442
16444
16445
16445
16447
16448
16452
16452
16453
16464
16465
16467
16471
16489
16491
16496
16501
16503
16503
16503
16505
16509
16510
16512
16515
16516
16522
16522
16525
16532
16535
16536
16538
16540
16541
16541
16543
16545
16546
16547
16551
16551
16552
16553
16554
16556
16565
16566
16570
16580
16581
16585
16589
16598
16599
16600
16602
16604
16607
16609
16611
16611
16616
16618
16620
16623
16629
16630
16630
16631
16634
16638
16640
16641
16642
16644
16644
16660
16661
16664
16667
16668
16668
16668
16670
16675
16678
16678
16681
16686
16687
16692
16700
16700
16701
16701
16705
16708
16708
16711
16724
16727
16727
16729
16729
16730
16731
16735
16740
16742
16742
16744
16748
16751
16754
16756
16764
16770
16781
16793
16793
16796
16800
16801
16806
16809
16809
16813
16818
16819
16822
16829
16838
16839
16844
16846
16849
16853
16859
16863
16865
16873
16873
16879
16880
16885
16887
16887
16889
16890
16902
16904
16904
16905
16907
16909
16912
16914
16923
16931
16933
16940
16954
16957
16957
16964
16966
16971
16974
16978
16978
16979
16983
16984
16985
16985
16986
16989
16990
17001
17004
17009
17010
17012
17017
17020
17020
17022
17032
17034
17038
17043
17046
17050
17067
17078
17081
17083
17084
17093
17093
17096
17102
17102
17107
17107
17110
17120
17125
17125
17126
17144
17157
17158
17161
17161
17164
17166
17166
17172
17181
17190
17197
17201
17202
17208
17209
17212
17218
17218
17223
17224
17225
17229
17230
17231
17238
17240
17246
17247
17248
17253
17253
17254
17255
17259
17265
17281
17281
17283
17295
17300
17300
17306
17307
17307
17308
17309
17310
17318
17319
17322
17328
17330
17330
17331
17331
17331
17331
17333
17337
17337
17341
17345
17346
17347
17350
17353
17354
17354
17356
17358
17367
17367
17368
17374
17375
17377
17381
17393
17393
17397
17398
17400
17401
17402
17402
17403
17404
17406
17406
17409
17412
17414
17415
17418
17424
17426
17433
17439
17441
17443
17444
17451
17457
17466
17476
17479
17482
17485
17489
17494
17496
17503
17510
17515
17527
17530
17533
17533
17537
17537
17538
17543
17546
17547
17547
17549
17549
17552
17556
17557
17557
17559
17561
17562
17567
17572
17573
17575
17576
17577
17579
17582
17585
17585
17592
17593
17596
17600
17612
17619
17624
17626
17637
17637
17645
17657
17658
17658
17666
17669
17674
17675
17679
17692
17693
17695
17696
17700
17701
17701
17703
17703
17705
17708
17712
17721
17723
17725
17728
17732
17734
17736
17739
17743
17744
17745
17748
17749
17751
17751
17751
17752
17754
17759
17760
17761
17767
17769
17780
17787
17796
17796
17804
17807
17808
17812
17812
17819
17827
17837
17839
17843
17843
17853
17863
17863
17863
17868
17868
17875
17877
17881
17883
17884
17892
17894
17901
17906
17906
17910
17911
17914
17914
17915
17917
17931
17933
17936
17940
17948
17951
17954
17955
17960
17967
17969
17969
17975
17975
17976
17986
17987
17988
17988
17994
17995
17998
17998
17999
18000
18004
18004
18007
18007
18008
18013
18015
18016
18018
18025
18030
18031
18031
18036
18038
18050
18052
18055
18055
18056
18057
18057
18067
18069
18077
18087
18090
18092
18099
18106
18109
18114
18120
18123
18124
18125
18126
18127
18127
18129
18133
18145
18148
18149
18155
18155
18156
18162
18164
18164
18166
18166
18171
18182
18185
18189
18191
18199
18202
18209
18209
18211
18211
18218
18219
18223
18226
18227
18231
18231
18233
18236
18247
18247
18256
18257
18266
18268
18269
18273
18279
18281
18290
18296
18300
18302
18303
18305
18307
18311
18311
18312
18315
18316
18321
18323
18325
18332
18335
18336
18341
18342
18358
18360
18365
18369
18369
18374
18375
18377
18382
18382
18392
18393
18394
18395
18407
18408
18411
18411
18413
18414
18415
18419
18420
18423
18424
18425
18426
18428
18432
18433
18440
18441
18441
18448
18452
18456
18459
18461
18463
18463
18464
18466
18470
18471
18472
18474
18482
18483
18487
18497
18499
18502
18512
18513
18513
18515
18522
18522
18533
18533
18534
18534
18535
18536
18538
18538
18542
18546
18547
18550
18559
18562
18564
18566
18570
18572
18574
18578
18579
18579
18581
18583
18589
18599
18599
18601
18602
18604
18605
18606
18607
18610
18612
18619
18620
18620
18623
18624
18628
18633
18634
18634
18640
18640
18641
18646
18647
18649
18653
18653
18661
18664
18673
18676
18677
18682
18684
18689
18693
18701
18704
18705
18708
18710
18713
18720
18721
18722
18735
18736
18736
18737
18738
18743
18744
18746
18746
18747
18748
18749
18751
18757
18759
18767
18769
18770
18770
18774
18779
18785
18787
18790
18791
18798
18806
18807
18808
18808
18810
18812
18816
18819
18822
18824
18827
18827
18829
18834
18838
18842
18845
18847
18847
18849
18852
18853
18853
18859
18860
18864
18865
18865
18870
18870
18871
18874
18879
18880
18882
18883
18883
18885
18887
18888
18889
18900
18902
18907
18907
18908
18914
18921
18925
18927
18932
18943
18948
18954
18955
18967
18972
18972
18974
18985
18986
18986
18988
18993
19005
19010
19012
19013
19016
19016
19017
19023
19028
19030
19032
19035
19041
19042
19044
19045
19045
19048
19049
19050
19054
19060
19065
19070
19072
19080
19082
19086
19087
19093
19093
19096
19097
19099
19100
19102
19107
19110
19110
19113
19114
19119
19119
19119
19120
19123
19123
19133
19133
19137
19137
19141
19144
19144
19147
19149
19152
19155
19159
19163
19171
19183
19184
19188
19191
19192
19200
19201
19202
19224
19226
19226
19228
19232
19233
19233
19234
19237
19237
19241
19242
19248
19248
19250
19255
19257
19264
19265
19267
19268
19270
19277
19279
19284
19286
19287
19289
19294
19297
19300
19305
19314
19331
19338
19340
19347
19351
19351
19352
19356
19359
19381
19383
19388
19388
19390
19393
19398
19399
19404
19407
19407
19419
19419
19420
19429
19430
19432
19433
19434
19436
19439
19440
19443
19447
19450
19454
19455
19456
19457
19465
19466
19475
19475
19485
19485
19487
19492
19493
19497
19497
19499
19507
19514
19516
19518
19521
19521
19521
19522
19524
19525
19539
19540
19547
19565
19567
19567
19568
19568
19571
19572
19579
19580
19583
19585
19585
19591
19592
19593
19605
19618
19619
19622
19628
19631
19632
19635
19635
19635
19639
19642
19642
19650
19650
19654
19661
19666
19669
19669
19674
19678
19678
19678
19679
19690
19698
19704
19707
19710
19710
19711
19715
19721
19728
19734
19736
19737
19738
19742
19758
19760
19765
19765
19768
19769
19776
19778
19782
19783
19784
19793
19798
19800
19805
19809
19810
19819
19837
19841
19845
19846
19849
19850
19851
19851
19852
19852
19854
19856
19856
19857
19859
19862
19866
19869
19869
19872
19875
19885
19886
19889
19893
19901
19907
19908
19911
19914
19917
19918
19921
19923
19926
19927
19930
19939
19945
19946
19951
19956
19963
19965
19971
19974
19976
19984
19986
19986
19997
20000
20001
20004
20004
20005
20012
20013
20021
20022
20023
20036
20037
20039
20042
20043
20044
20054
20056
20068
20068
20069
20070
20079
20090
20090
20097
20106
20107
20118
20119
20119
20121
20122
20123
20131
20131
20131
20135
20149
20151
20154
20158
20158
20161
20164
20167
20170
20170
20180
20183
20187
20189
20193
20198
20201
20201
20204
20205
20206
20211
20213
20222
20223
20227
20230
20239
20242
20247
20259
20261
20269
20273
20284
20287
20287
20289
20290
20290
20299
20300
20309
20309
20317
20319
20324
20331
20331
20332
20333
20334
20339
20340
20343
20350
20352
20357
20360
20361
20363
20365
20370
20371
20371
20372
20373
20374
20375
20377
20379
20381
20384
20384
20388
20388
20389
20393
20395
20395
20396
20399
20405
20406
20408
20411
20416
20417
20420
20424
20424
20428
20431
20438
20446
20446
20447
20448
20454
20454
20455
20458
20460
20461
20463
20465
20467
20467
20469
20470
20473
20473
20473
20475
20477
20480
20483
20488
20491
20495
20496
20499
20499
20501
20505
20506
20506
20506
20509
20511
20527
20529
20530
20531
20533
20537
20543
20544
20545
20549
20551
20559
20562
20568
20569
20571
20572
20576
20581
20583
20591
20592
20595
20602
20607
20613
20618
20620
20622
20629
20633
20634
20634
20640
20642
20646
20651
20671
20672
20673
20675
20679
20681
20683
20686
20687
20688
20690
20690
20697
20697
20699
20700
20707
20709
20712
20713
20716
20718
20718
20720
20722
20722
20723
20732
20742
20750
20750
20752
20759
20760
20761
20768
20768
20769
20780
20782
20783
20784
20785
20791
20792
20795
20795
20815
20819
20823
20827
20834
20840
20841
20843
20846
20847
20849
20851
20852
20853
20856
20857
20859
20861
20867
20868
20870
20874
20876
20886
20887
20888
20900
20904
20905
20910
20911
20913
20913
20917
20918
20919
20927
20928
20929
20932
20932
20936
20937
20943
20943
20949
20949
20951
20955
20961
20970
20971
20972
20975
20980
20980
20981
20987
20992
20997
20997
21003
21005
21006
21011
21013
21017
21021
21025
21025
21028
21033
21036
21037
21042
21048
21050
21056
21057
21061
21067
21068
21071
21072
21077
21082
21087
21091
21093
21103
21106
21107
21108
21110
21111
21111
21120
21128
21128
21128
21129
21133
21137
21141
21142
21144
21146
21148
21151
21154
21160
21160
21162
21164
21164
21166
21166
21167
21174
21175
21180
21182
21187
21191
21194
21198
21201
21218
21219
21224
21227
21238
21241
21241
21243
21246
21247
21249
21253
21256
21259
21262
21266
21268
21268
21271
21273
21274
21275
21279
21280
21285
21286
21288
21289
21300
21300
21301
21307
21313
21313
21315
21315
21317
21319
21319
21320
21324
21329
21330
21344
21347
21351
21352
21354
21357
21360
21364
21367
21369
21369
21383
21384
21386
21386
21392
21392
21392
21397
21405
21412
21416
21422
21423
21426
21430
21431
21432
21438
21439
21447
21449
21454
21455
21461
21461
21466
21481
21484
21484
21491
21494
21495
21495
21497
21500
21503
21509
21511
21517
21524
21531
21532
21545
21551
21559
21565
21571
21571
21573
21574
21576
21576
21578
21582
21585
21589
21591
21591
21593
21596
21596
21596
21603
21603
21606
21608
21613
21615
21619
21620
21620
21621
21622
21624
21627
21639
21645
21645
21646
21646
21647
21652
21660
21660
21660
21660
21661
21664
21669
21670
21670
21674
21676
21677
21690
21694
21702
21702
21703
21705
21720
21722
21731
21731
21733
21734
21736
21736
21749
21753
21754
21763
21765
21766
21766
21769
21772
21778
21779
21787
21787
21794
21800
21805
21807
21810
21812
21812
21819
21823
21823
21825
21826
21828
21832
21847
21848
21850
21852
21856
21858
21859
21864
21864
21868
21868
21868
21875
21878
21881
21881
21883
21889
21890
21898
21900
21902
21905
21913
21916
21929
21936
21943
21948
21949
21949
21956
21957
21958
21958
21959
21963
21968
21971
21972
21972
21977
22003
22010
22016
22016
22021
22024
22030
22042
22044
22048
22051
22056
22057
22060
22074
22078
22079
22082
22085
22088
22091
22091
22093
22095
22096
22097
22099
22099
22102
22104
22105
22111
22114
22114
22115
22119
22120
22123
22124
22125
22135
22135
22136
22138
22139
22141
22141
22149
22154
22154
22155
22159
22159
22161
22163
22165
22173
22175
22178
22184
22187
22190
22194
22195
22204
22205
22208
22215
22217
22222
22223
22224
22225
22227
22241
22242
22243
22245
22246
22251
22252
22252
22254
22258
22260
22261
22270
22274
22275
22280
22287
22287
22294
22296
22296
22297
22300
22302
22303
22307
22309
22316
22318
22318
22322
22325
22327
22335
22337
22340
22342
22343
22343
22354
22358
22359
22360
22370
22376
22384
22390
22397
22397
22398
22406
22406
22408
22411
22412
22416
22421
22422
22423
22424
22426
22426
22427
22429
22433
22434
22434
22438
22440
22440
22441
22446
22449
22453
22458
22459
22460
22463
22470
22472
22479
22483
22486
22489
22494
22495
22495
22495
22497
22500
22502
22503
22504
22526
22532
22534
22536
22540
22543
22553
22563
22564
22575
22579
22587
22592
22592
22595
22599
22599
22601
22604
22606
22612
22614
22619
22619
22624
22630
22638
22639
22647
22647
22649
22652
22657
22657
22657
22658
22660
22666
22673
22674
22676
22678
22685
22688
22692
22695
22702
22703
22707
22708
22709
22717
22722
22725
22729
22734
22747
22752
22757
22765
22765
22771
22772
22774
22782
22786
22789
22794
22799
22802
22803
22803
22805
22808
22811
22814
22814
22816
22820
22822
22825
22828
22829
22837
22845
22849
22851
22858
22859
22862
22864
22865
22868
22868
22873
22874
22876
22879
22881
22882
22883
22886
22891
22895
22897
22907
22917
22919
22920
22920
22923
22926
22928
22931
22932
22933
22938
22947
22954
22954
22956
22968
22973
22980
22985
22994
22998
23004
23005
23011
23018
23021
23028
23030
23031
23032
23035
23038
23039
23046
23048
23049
23056
23060
23073
23073
23080
23084
23087
23087
23090
23090
23091
23095
23097
23100
23103
23106
23109
23116
23117
23123
23125
23128
23129
23130
23133
23134
23134
23135
23141
23143
23146
23151
23151
23154
23157
23160
23163
23164
23164
23174
23176
23176
23187
23195
23197
23205
23206
23209
23210
23211
23214
23219
23222
23224
23226
23230
23231
23232
23232
23233
23251
23253
23254
23255
23256
23261
23261
23262
23262
23265
23268
23271
23273
23274
23298
23303
23315
23317
23320
23321
23323
23325
23325
23332
23336
23336
23337
23341
23341
23343
23346
23352
23358
23359
23359
23360
23361
23362
23369
23370
23370
23375
23376
23376
23378
23379
23395
23408
23411
23415
23416
23420
23428
23436
23437
23438
23439
23441
23442
23442
23442
23442
23445
23447
23454
23455
23456
23457
23463
23464
23465
23465
23469
23471
23476
23479
23484
23484
23487
23488
23493
23495
23503
23504
23505
23506
23507
23511
23514
23517
23518
23518
23519
23521
23523
23531
23532
23545
23547
23549
23555
23555
23556
23566
23576
23578
23579
23580
23580
23580
23581
23582
23585
23586
23590
23592
23600
23602
23605
23609
23610
23613
23620
23621
23621
23624
23625
23629
23634
23636
23636
23640
23648
23649
23650
23653
23654
23656
23658
23661
23662
23667
23670
23673
23674
23674
23699
23700
23707
23709
23716
23719
23720
23740
23750
23754
23761
23762
23762
23763
23765
23765
23766
23767
23771
23775
23776
23778
23780
23782
23783
23786
23787
23787
23790
23791
23793
23793
23794
23799
23800
23815
23818
23823
23826
23828
23831
23834
23837
23837
23844
23847
23850
23850
23856
23858
23862
23866
23870
23876
23879
23879
23880
23886
23887
23889
23890
23896
23898
23900
23902
23903
23909
23912
23913
23914
23915
23915
23918
23918
23922
23925
23927
23933
23937
23943
23943
23949
23957
23974
23974
23978
23980
23981
23982
23986
23997
23998
23999
24000
24000
24010
24011
24015
24018
24025
24044
24046
24048
24053
24059
24059
24060
24060
24061
24061
24067
24068
24078
24083
24084
24086
24089
24098
24099
24101
24102
24109
24110
24117
24122
24124
24124
24129
24130
24133
24138
24141
24146
24148
24157
24158
24161
24163
24167
24170
24170
24170
24179
24180
24182
24183
24187
24188
24189
24190
24191
24192
24194
24196
24202
24202
24204
24204
24221
24223
24224
24226
24227
24230
24231
24248
24249
24250
24251
24255
24256
24261
24270
24281
24282
24283
24284
24287
24288
24289
24290
24291
24296
24297
24298
24298
24305
24308
24312
24319
24326
24330
24330
24331
24334
24334
24334
24339
24342
24358
24361
24362
24366
24372
24372
24373
24378
24380
24382
24383
24383
24384
24391
24392
24396
24398
24399
24405
24406
24407
24411
24414
24416
24416
24418
24420
24425
24428
24429
24431
24435
24435
24439
24441
24452
24452
24454
24455
24459
24459
24468
24470
24475
24476
24478
24482
24488
24489
24494
24494
24499
24506
24507
24509
24510
24511
24512
24513
24518
24519
24524
24524
24533
24533
24534
24535
24537
24537
24538
24546
24546
24549
24550
24550
24554
24555
24556
24560
24563
24572
24574
24574
24579
24591
24593
24597
24601
24604
24605
24605
24606
24606
24608
24618
24623
24629
24630
24631
24632
24634
24636
24636
24639
24646
24652
24655
24659
24664
24665
24666
24667
24670
24671
24673
24676
24682
24682
24684
24684
24694
24695
24698
24699
24700
24701
24702
24707
24711
24712
24716
24716
24717
24721
24721
24726
24732
24733
24736
24738
24742
24742
24754
24755
24759
24765
24771
24772
24772
24773
24786
24790
24792
24793
24796
24800
24802
24809
24812
24814
24816
24823
24835
24845
24846
24852
24852
24853
24861
24863
24866
24868
24872
24875
24876
24877
24883
24886
24888
24893
24902
24903
24915
24917
24920
24923
24932
24943
24943
24948
24951
24952
24953
24964
24968
24975
24977
24985
24988
24989
24997
24997
24997
24998
25000
25000
25001
25003
25003
25016
25016
25017
25019
25020
25022
25022
25025
25027
25030
25033
25037
25038
25039
25044
25057
25060
25060
25067
25069
25072
25083
25084
25084
25087
25098
25100
25105
25108
25114
25114
25121
25122
25123
25124
25128
25129
25131
25134
25134
25140
25147
25150
25153
25170
25172
25172
25175
25180
25180
25184
25186
25191
25198
25201
25204
25208
25209
25217
25218
25222
25224
25225
25234
25239
25242
25243
25245
25248
25249
25249
25251
25253
25259
25260
25261
25261
25263
25268
25271
25273
25276
25277
25277
25282
25286
25286
25289
25294
25296
25299
25300
25305
25312
25312
25314
25315
25328
25334
25347
25351
25355
25362
25363
25367
25368
25369
25379
25384
25387
25388
25391
25392
25396
25397
25397
25406
25414
25415
25416
25423
25424
25424
25424
25456
25462
25462
25468
25470
25475
25476
25476
25484
25485
25485
25487
25489
25490
25499
25509
25511
25511
25514
25516
25519
25523
25553
25558
25560
25563
25564
25568
25572
25572
25573
25573
25576
25578
25578
25580
25581
25583
25590
25595
25599
25602
25603
25604
25607
25616
25620
25621
25628
25632
25639
25640
25641
25644
25644
25647
25647
25652
25656
25656
25659
25663
25664
25665
25666
25668
25669
25670
25675
25677
25677
25679
25679
25680
25681
25682
25696
25698
25699
25705
25712
25718
25721
25725
25732
25737
25741
25744
25747
25749
25752
25753
25755
25758
25759
25761
25762
25764
25765
25767
25781
25787
25789
25789
25794
25797
25801
25802
25804
25808
25808
25808
25808
25809
25811
25818
25821
25821
25827
25828
25833
25833
25841
25842
25842
25842
25847
25848
25852
25852
25856
25864
25867
25870
25870
25872
25873
25877
25881
25882
25884
25884
25886
25889
25890
25894
25900
25901
25901
25903
25903
25903
25908
25917
25921
25925
25928
25932
25936
25940
25944
25945
25947
25952
25955
25956
25956
25956
25957
25957
25960
25967
25976
25977
25979
25982
25992
25997
25997
25999
26002
26003
26005
26005
26007
26009
26012
26016
26017
26052
26054
26057
26058
26063
26068
26071
26076
26078
26097
26103
26112
26116
26118
26120
26123
26125
26125
26128
26128
26132
26134
26139
26140
26143
26144
26151
26153
26161
26163
26163
26167
26176
26179
26183
26187
26193
26197
26197
26211
26211
26212
26212
26214
26218
26221
26222
26228
26230
26235
26242
26253
26264
26277
26279
26279
26279
26285
26296
26297
26300
26301
26303
26303
26303
26307
26323
26324
26325
26326
26330
26335
26338
26348
26353
26357
26357
26360
26360
26363
26363
26364
26371
26382
26383
26385
26386
26390
26391
26396
26397
26398
26414
26414
26415
26416
26416
26417
26418
26419
26425
26431
26436
26443
26444
26445
26445
26445
26447
26449
26451
26451
26454
26455
26457
26457
26463
26466
26466
26469
26470
26478
26479
26482
26483
26486
26487
26487
26487
26495
26496
26505
26511
26513
26513
26516
26531
26533
26535
26538
26547
26548
26549
26551
26552
26570
26571
26575
26579
26581
26588
26592
26598
26599
26601
26604
26605
26608
26608
26609
26614
26614
26622
26627
26633
26637
26643
26655
26657
26663
26665
26667
26669
26674
26674
26680
26682
26685
26689
26696
26696
26701
26707
26708
26712
26716
26718
26727
26737
26745
26746
26753
26758
26763
26773
26780
26781
26785
26787
26792
26795
26797
26798
26798
26800
26802
26803
26808
26811
26812
26813
26814
26814
26817
26817
26819
26820
26826
26830
26835
26838
26840
26843
26848
26855
26865
26874
26878
26879
26880
26887
26888
26890
26896
26898
26908
26910
26910
26911
26913
26913
26916
26918
26923
26927
26927
26929
26931
26932
26933
26934
26940
26940
26941
26950
26951
26952
26958
26958
26962
26963
26965
26967
26968
26969
26969
26974
26975
26979
26986
26987
26995
26999
27000
27003
27007
27008
27015
27020
27028
27032
27037
27040
27040
27041
27042
27043
27043
27047
27047
27050
27054
27055
27056
27064
27066
27070
27073
27075
27079
27088
27091
27101
27109
27112
27118
27127
27128
27133
27134
27141
27146
27146
27147
27150
27152
27165
27165
27168
27170
27170
27171
27171
27175
27175
27176
27179
27181
27193
27194
27196
27197
27197
27197
27203
27207
27208
27217
27221
27231
27234
27236
27236
27238
27242
27244
27249
27249
27250
27251
27253
27256
27261
27263
27264
27264
27267
27267
27268
27277
27278
27280
27280
27281
27283
27288
27297
27302
27303
27312
27315
27317
27317
27328
27332
27338
27338
27342
27346
27359
27359
27363
27365
27370
27379
27381
27394
27394
27407
27409
27416
27417
27422
27427
27427
27427
27429
27434
27436
27437
27442
27444
27449
27449
27454
27454
27460
27463
27466
27468
27471
27472
27472
27474
27476
27479
27482
27485
27489
27498
27498
27499
27499
27501
27501
27502
27503
27508
27513
27515
27516
27517
27520
27521
27522
27523
27524
27529
27532
27533
27540
27541
27541
27546
27547
27549
27562
27573
27582
27583
27585
27586
27590
27593
27595
27599
27601
27603
27603
27604
27613
27615
27619
27621
27625
27626
27626
27638
27645
27653
27654
27656
27660
27664
27668
27670
27672
27672
27673
27677
27682
27686
27688
27688
27689
27701
27704
27706
27711
27712
27717
27717
27717
27718
27720
27726
27731
27736
27739
27740
27740
27750
27757
27762
27768
27770
27771
27775
27775
27776
27779
27779
27784
27784
27784
27799
27805
27806
27807
27823
27824
27825
27828
27829
27833
27839
27840
27844
27845
27847
27859
27866
27869
27875
27886
27888
27895
27899
27901
27905
27908
27908
27912
27917
27918
27924
27931
27933
27934
27936
27937
27938
27939
27942
27948
27948
27949
27952
27959
27963
27970
27973
27973
27974
27977
27979
27981
27982
27991
27993
28007
28011
28019
28021
28030
28035
28037
28040
28045
28050
28051
28059
28059
28059
28061
28064
28064
28065
28068
28068
28070
28074
28076
28080
28088
28092
28092
28093
28093
28098
28101
28112
28114
28123
28124
28124
28125
28128
28128
28128
28139
28139
28150
28151
28152
28154
28156
28156
28157
28159
28163
28163
28165
28167
28167
28170
28172
28184
28196
28198
28204
28205
28209
28210
28219
28221
28225
28225
28229
28232
28233
28241
28245
28247
28247
28256
28259
28278
28279
28281
28286
28286
28299
28299
28301
28303
28303
28303
28304
28306
28310
28315
28316
28318
28319
28320
28326
28333
28336
28338
28340
28344
28345
28346
28347
28351
28351
28352
28352
28355
28357
28360
28363
28364
28369
28375
28376
28388
28390
28394
28397
28400
28403
28404
28407
28407
28409
28411
28411
28415
28421
28424
28430
28431
28432
28432
28432
28434
28438
28439
28439
28445
28449
28449
28450
28452
28455
28456
28457
28459
28463
28465
28466
28467
28467
28472
28476
28486
28493
28500
28501
28502
28505
28508
28513
28515
28526
28527
28529
28533
28535
28535
28544
28551
28557
28559
28577
28586
28590
28596
28597
28602
28603
28605
28617
28624
28629
28633
28633
28634
28635
28637
28637
28640
28650
28650
28659
28666
28669
28670
28672
28672
28679
28679
28680
28683
28684
28687
28689
28689
28692
28695
28699
28703
28706
28709
28716
28717
28717
28729
28731
28735
28737
28737
28738
28741
28750
28753
28755
28755
28756
28765
28765
28769
28769
28774
28780
28782
28784
28788
28790
28791
28793
28802
28813
28821
28826
28828
28831
28832
28836
28845
28856
28858
28860
28861
28862
28879
28886
28890
28894
28899
28902
28910
28911
28911
28911
28921
28926
28927
28927
28930
28938
28942
28944
28950
28952
28961
28962
28963
28966
28967
28967
28983
28988
28990
28990
28991
28994
28997
28999
29004
29004
29005
29016
29028
29030
29031
29036
29039
29042
29045
29052
29053
29055
29059
29067
29069
29070
29072
29074
29075
29076
29080
29084
29085
29087
29089
29094
29096
29096
29098
29098
29103
29105
29106
29109
29110
29117
29118
29121
29122
29123
29129
29138
29150
29151
29151
29160
29160
29161
29163
29166
29178
29179
29180
29181
29181
29187
29187
29195
29196
29197
29198
29202
29203
29206
29222
29227
29228
29232
29239
29243
29244
29244
29249
29249
29255
29260
29265
29265
29265
29266
29266
29267
29267
29271
29279
29281
29283
29291
29292
29292
29308
29309
29315
29322
29325
29329
29330
29337
29344
29347
29347
29348
29353
29360
29363
29364
29367
29369
29373
29374
29377
29380
29385
29386
29390
29399
29400
29402
29403
29407
29410
29412
29414
29418
29421
29426
29428
29430
29435
29447
29447
29447
29448
29453
29461
29462
29468
29480
29488
29490
29491
29497
29502
29502
29511
29511
29520
29521
29525
29525
29533
29540
29541
29543
29544
29553
29560
29561
29561
29564
29567
29568
29570
29572
29573
29580
29585
29587
29590
29593
29601
29603
29605
29609
29611
29611
29611
29615
29616
29616
29619
29623
29624
29625
29627
29628
29628
29628
29630
29633
29636
29638
29645
29647
29654
29663
29671
29671
29675
29681
29689
29689
29690
29690
29696
29701
29702
29702
29704
29715
29716
29719
29725
29728
29731
29731
29735
29745
29753
29754
29756
29764
29765
29771
29771
29773
29785
29789
29792
29797
29798
29798
29799
29802
29812
29812
29813
29818
29819
29819
29822
29823
29824
29824
29827
29828
29830
29836
29838
29842
29845
29846
29863
29867
29872
29875
29875
29877
29878
29881
29892
29893
29896
29896
29897
29898
29902
29905
29908
29909
29909
29910
29912
29914
29916
29916
29935
29951
29951
29955
29956
29960
29966
29970
29972
29976
29977
29977
29983
29986
29990
29999
30000
30004
30017
30017
30022
30022
30022
30024
30027
30035
30035
30038
30040
30040
30041
30041
30043
30043
30045
30057
30067
30074
30074
30074
30087
30088
30089
30090
30091
30102
30103
30103
30103
30103
30127
30128
30131
30139
30140
30142
30144
30148
30151
30163
30164
30167
30169
30175
30177
30178
30180
30180
30181
30184
30185
30186
30192
30192
30195
30202
30210
30211
30214
30219
30220
30224
30225
30228
30230
30230
30231
30232
30238
30238
30242
30243
30246
30250
30251
30261
30262
30265
30266
30270
30272
30287
30288
30295
30303
30307
30313
30318
30319
30328
30329
30329
30331
30334
30335
30340
30344
30346
30347
30349
30350
30354
30357
30358
30359
30365
30366
30367
30367
30368
30373
30377
30379
30380
30380
30384
30386
30387
30388
30395
30396
30396
30399
30400
30404
30406
30407
30422
30422
30422
30423
30424
30425
30428
30428
30432
30438
30439
30440
30441
30453
30456
30457
30458
30459
30459
30461
30465
30466
30471
30472
30476
30477
30477
30477
30478
30480
30486
30490
30491
30502
30504
30507
30509
30510
30514
30514
30515
30515
30515
30520
30524
30531
30532
30534
30534
30541
30547
30549
30558
30560
30563
30564
30566
30569
30569
30577
30582
30583
30585
30586
30587
30591
30592
30592
30601
30602
30605
30615
30621
30624
30626
30633
30635
30637
30638
30640
30641
30644
30652
30652
30653
30656
30657
30666
30685
30687
30691
30693
30697
30703
30705
30706
30707
30713
30720
30726
30729
30734
30739
30739
30742
30746
30748
30749
30751
30751
30757
30757
30758
30762
30767
30768
30768
30772
30778
30779
30783
30784
30790
30790
30791
30797
30798
30800
30802
30804
30807
30808
30812
30817
30820
30822
30823
30824
30841
30848
30851
30852
30854
30855
30858
30860
30861
30869
30871
30873
30874
30886
30887
30889
30891
30892
30892
30894
30902
30902
30906
30915
30918
30919
30924
30926
30928
30933
30933
30934
30942
30944
30947
30952
30953
30953
30955
30958
30961
30967
30968
30968
30972
30973
30984
30985
30988
30989
30990
30991
30992
31001
31001
31004
31006
31009
31011
31015
31019
31023
31026
31034
31038
31045
31046
31048
31050
31051
31051
31056
31057
31071
31073
31078
31079
31081
31087
31092
31095
31096
31098
31104
31108
31109
31114
31114
31114
31116
31119
31121
31121
31124
31128
31130
31131
31132
31133
31137
31138
31141
31142
31146
31151
31151
31154
31157
31161
31162
31165
31168
31171
31174
31177
31177
31183
31186
31187
31199
31200
31213
31216
31222
31227
31231
31232
31233
31233
31235
31239
31244
31245
31250
31251
31254
31255
31256
31257
31259
31266
31282
31289
31290
31292
31292
31299
31302
31304
31306
31311
31313
31314
31319
31319
31321
31322
31337
31340
31340
31343
31345
31346
31347
31350
31353
31353
31356
31359
31365
31369
31371
31373
31374
31375
31377
31382
31385
31387
31390
31391
31398
31399
31400
31400
31400
31410
31414
31416
31420
31430
31430
31431
31437
31439
31440
31447
31451
31454
31455
31464
31466
31467
31468
31475
31480
31482
31489
31497
31499
31500
31503
31521
31524
31524
31530
31539
31539
31540
31542
31547
31549
31550
31550
31551
31556
31557
31557
31560
31561
31565
31568
31572
31573
31593
31600
31607
31609
31613
31616
31619
31621
31638
31647
31651
31651
31655
31659
31662
31662
31663
31665
31666
31667
31668
31671
31677
31686
31690
31693
31695
31698
31699
31700
31700
31701
31710
31711
31711
31712
31722
31724
31734
31736
31737
31745
31746
31747
31750
31752
31753
31754
31758
31766
31766
31769
31770
31774
31779
31780
31780
31782
31787
31787
31788
31791
31795
31797
31804
31810
31810
31811
31827
31832
31832
31838
31840
31840
31841
31846
31847
31853
31857
31858
31859
31860
31865
31866
31867
31867
31869
31870
31870
31871
31877
31881
31885
31886
31887
31889
31890
31891
31893
31893
31894
31899
31901
31902
31907
31924
31929
31930
31938
31945
31947
31950
31950
31951
31952
31954
31958
31958
31959
31962
31968
31973
31974
31975
31976
31981
31983
31984
31984
31985
31988
31994
31998
31998
31999
31999
32009
32011
32012
32017
32018
32020
32021
32029
32032
32035
32036
32038
32042
32043
32044
32052
32055
32056
32059
32065
32066
32066
32068
32071
32072
32076
32078
32080
32080
32087
32094
32095
32103
32107
32111
32113
32114
32128
32129
32131
32132
32137
32138
32145
32145
32145
32146
32146
32150
32153
32153
32159
32160
32162
32166
32172
32172
32175
32175
32177
32178
32180
32191
32193
32197
32199
32200
32204
32204
32205
32209
32215
32223
32226
32226
32229
32229
32230
32231
32231
32231
32233
32233
32243
32244
32250
32254
32254
32254
32262
32264
32270
32274
32284
32290
32290
32294
32295
32297
32301
32302
32302
32306
32307
32308
32310
32311
32318
32318
32326
32329
32329
32330
32332
32332
32335
32336
32336
32338
32338
32340
32343
32344
32364
32364
32365
32371
32377
32378
32384
32385
32385
32386
32387
32388
32389
32390
32391
32396
32398
32399
32405
32407
32407
32408
32410
32419
32419
32430
32437
32438
32443
32444
32445
32446
32450
32459
32464
32465
32465
32474
32478
32481
32484
32485
32486
32490
32507
32508
32509
32510
32510
32511
32527
32527
32533
32535
32541
32542
32551
32554
32555
32558
32559
32559
32560
32561
32565
32566
32568
32574
32578
32582
32582
32585
32585
32588
32590
32591
32593
32595
32596
32596
32596
32604
32606
32608
32622
32628
32635
32645
32648
32661
32662
32663
32666
32666
32666
32667
32668
32680
32685
32696
32696
32697
32710
32713
32714
32717
32718
32721
32722
32725
32739
32739
32743
32744
32747
32749
32753
32758
32762
32763
32763
32766
