58
601
684
806
1046
1124
1440
1827
1940
3486
4116
4304
4738
4865
5232
5718
6123
6231
6492
6676
6947
7110
7628
7908
8091
8542
9124
9206
9217
9802
9829
9840
10353
10404
10547
10807
11310
11363
11492
11583
11928
12026
12373
12420
12495
13698
13872
14331
14454
15417
15789
16012
16261
16695
16759
16838
17542
17869
17882
18167
18705
19284
19455
19743
19805
19945
20109
20574
20692
21290
22397
23136
23146
23363
23372
23482
23872
24270
24486
24540
24709
24833
25147
25634
25853
26035
26209
26295
29063
29403
29638
30191
30523
30754
31054
31231
31380
31485
32354
32421
