14
21
93
96
116
120
122
143
152
198
221
225
248
291
359
422
423
428
429
463
473
523
531
661
697
720
803
844
876
884
944
957
962
967
985
1030
1074
1142
1179
1220
1239
1283
1397
1427
1442
1488
1555
1598
1624
1631
1661
1665
1719
1729
1757
1879
1884
1963
1964
1984
1995
2029
2059
2101
2113
2166
2186
2196
2209
2273
2293
2351
2431
2511
2547
2554
2572
2604
2693
2745
2770
2771
2800
2808
2816
2876
2955
2974
2982
3011
3014
3073
3074
3166
3189
3315
3327
3342
3392
3445
3483
3484
3502
3565
3657
3666
3672
3720
3748
3751
3757
3757
3768
3820
3864
3879
3884
3903
3956
3993
3999
4010
4012
4109
4116
4121
4142
4151
4178
4194
4195
4244
4253
4317
4362
4403
4405
4421
4453
4464
4502
4513
4523
4567
4574
4620
4644
4664
4832
4848
4853
4866
4903
4904
4923
4956
4972
5147
5207
5253
5262
5266
5354
5371
5408
5429
5453
5461
5498
5499
5579
5581
5583
5622
5698
5713
5774
5825
5832
5865
5992
6062
6065
6067
6125
6168
6197
6221
6226
6252
6278
6278
6292
6301
6360
6390
6508
6558
6581
6698
6719
6723
6731
6768
6779
6819
6895
6920
6951
6955
6972
7055
7201
7205
7210
7243
7247
7247
7248
7275
7429
7505
7606
7616
7644
7647
7673
7674
7674
7703
7717
7749
7779
7810
7811
7813
7848
7893
7948
7951
7953
7953
7969
8020
8079
8144
8168
8186
8190
8198
8213
8218
8229
8271
8298
8379
8402
8476
8539
8637
8668
8729
8741
8765
8812
8821
8887
8897
8938
8953
8970
9027
9076
9085
9155
9194
9223
9229
9240
9262
9304
9363
9400
9454
9455
9493
9519
9553
9594
9714
9725
9728
9738
9744
9755
9775
9777
9814
9815
9820
9849
9880
9880
9894
9925
9933
9941
9953
10051
10083
10155
10165
10188
10219
10223
10393
10403
10486
10508
10530
10533
10570
10602
10658
10674
10717
10792
10804
10807
10813
10831
10862
10905
10919
10929
10956
10965
10980
11102
11110
11126
11126
11182
11186
11204
11223
11285
11306
11351
11381
11462
11520
11582
11586
11596
11596
11598
11639
11643
11687
11707
11722
11742
11763
11788
11827
11841
11846
11903
11910
11930
11940
12087
12122
12158
12225
12291
12310
12328
12336
12366
12398
12429
12471
12526
12585
12594
12653
12669
12678
12700
12716
12757
12768
12808
12819
12824
12866
12998
12999
13003
13004
13007
13027
13070
13087
13110
13179
13196
13202
13218
13261
13270
13279
13363
13369
13421
13424
13429
13467
13476
13536
13603
13610
13630
13687
13704
13723
13753
13794
13886
13889
13918
13937
13955
13977
13979
14041
14042
14088
14118
14131
14143
14163
14170
14266
14275
14327
14337
14356
14357
14373
14393
14409
14410
14467
14539
14569
14590
14603
14682
14701
14774
14921
14928
14934
14941
15017
15041
15066
15078
15097
15102
15340
15379
15388
15415
15418
15476
15488
15489
15524
15528
15577
15583
15586
15645
15704
15730
15731
15745
15779
15783
15827
15843
15894
15911
15914
15920
15945
15975
16003
16066
16087
16152
16154
16197
16205
16248
16311
16324
16330
16398
16405
16418
16500
16572
16669
16746
16758
16768
16778
16779
16785
16814
16822
16835
16879
16887
16902
17022
17023
17036
17167
17243
17275
17308
17316
17408
17428
17433
17463
17485
17588
17592
17727
17729
17757
17767
17799
17807
17820
17864
17868
17909
17944
17950
17977
17984
18009
18035
18054
18092
18182
18233
18236
18331
18335
18390
18438
18466
18479
18532
18533
18585
18589
18620
18626
18639
18710
18747
18753
18771
18778
18831
18879
18882
18945
18980
18984
19011
19029
19195
19205
19278
19304
19349
19409
19467
19472
19525
19537
19600
19630
19645
19704
19726
19857
19904
19911
19983
20271
20292
20319
20322
20337
20411
20427
20473
20488
20501
20512
20572
20588
20642
20660
20679
20684
20732
20771
20780
20790
20801
20830
20841
20853
20880
20888
20917
20951
20981
20989
21011
21013
21060
21064
21068
21095
21099
21145
21152
21154
21314
21316
21365
21378
21525
21633
21675
21732
21744
21756
21787
21801
21842
21866
21898
21949
21956
22046
22056
22067
22085
22118
22127
22158
22172
22199
22307
22433
22435
22484
22506
22527
22548
22580
22598
22768
22923
22949
22982
23004
23009
23051
23073
23172
23178
23201
23284
23300
23348
23394
23424
23437
23460
23489
23572
23577
23589
23597
23615
23639
23743
23758
23765
23769
23866
23956
24051
24062
24098
24099
24127
24152
24176
24183
24194
24232
24293
24369
24386
24438
24442
24498
24504
24506
24566
24568
24607
24627
24641
24643
24675
24710
24712
24721
24729
24765
24823
24868
24894
24921
24942
24989
24990
25034
25035
25036
25039
25058
25086
25165
25377
25387
25467
25584
25592
25606
25640
25739
25815
25816
25819
25827
25851
25862
25871
25883
25893
25913
25916
25939
25958
25958
25964
26065
26073
26075
26104
26128
26134
26135
26148
26219
26222
26223
26224
26289
26317
26417
26427
26429
26438
26466
26501
26514
26533
26538
26605
26612
26613
26637
26676
26711
26744
26764
26788
26795
26805
26811
26827
26953
27062
27104
27128
27202
27219
27275
27308
27316
27324
27389
27433
27455
27481
27489
27499
27512
27515
27638
27646
27668
27692
27721
27731
27757
27784
27855
27891
27943
27964
28017
28027
28034
28075
28143
28169
28216
28351
28353
28363
28382
28432
28441
28455
28459
28479
28515
28517
28542
28560
28587
28675
28746
28763
28790
28930
28931
28965
28968
28984
29001
29013
29019
29121
29205
29212
29222
29268
29271
29306
29444
29571
29670
29672
29688
29761
29817
29902
29984
29995
30015
30053
30113
30120
30131
30246
30261
30323
30453
30475
30493
30532
30548
30559
30562
30575
30582
30595
30601
30655
30659
30682
30715
30752
30780
30786
30796
30861
30898
30910
30919
30951
30982
30996
31012
31058
31065
31069
31114
31115
31136
31149
31157
31160
31173
31181
31189
31190
31201
31222
31315
31330
31355
31360
31384
31385
31413
31423
31427
31431
31549
31584
31585
31603
31617
31627
31646
31646
31679
31731
31740
31815
31825
31881
31891
31915
31993
32001
32036
32065
32142
32142
32218
32237
32356
32381
32388
32401
32410
32412
32421
32454
32484
32507
32558
32635
32673
32717
32739
